1.8439e-07
3.40192e-07
4.78184e-07
4.78184e-07
4.79442e+174
4.85484e-28
7.69848e+218
2.08755e-115
2.5648e-10
5.267e-10
8.40736e-07
2.03101e-06
3.39954e-06
3.39954e-06
1.07252e+277
7.65502e+15
2.02446e+267
7.32816e+223
3.49575e-10
7.59155e-10
4.50391e-06
1.72082e-05
4.0444e-05
4.0444e-05
1.9119e+214
4.85464e-28
1.63857e+248
5.71668e-61
4.51791e-10
1.03133e-09
2.58603e-05
0.000217628
0.00107507
0.00107507
7.72122e+15
2.58744e+161
9.64679e+227
3.98529e+209
5.47748e-10
1.3011e-09
0.000115715
0.00309894
0.0725606
0.0725606
7.48956e+247
5.81486e+175
1.75138e+190
3.68415e+180
6.17362e-10
1.50473e-09
0.000217628
0.0119417
0.702332
0.702332
6.55797e+165
7.65723e+15
2.58744e+161
2.25566e+137
6.42941e-10
1.58113e-09
0.000115715
0.00309894
0.0725606
0.0725606
5.94247e+276
1.90887e+136
6.22253e+218
6.49662e+165
6.17362e-10
1.50473e-09
2.58603e-05
0.000217628
0.00107507
0.00107507
2.86524e+161
6.02202e+175
3.16053e+233
3.73373e+247
5.47748e-10
1.3011e-09
4.50391e-06
1.72082e-05
4.0444e-05
4.0444e-05
1.38625e+93
1.82747e+64
1.34835e+161
2.01247e-22
4.51791e-10
1.03133e-09
8.40736e-07
2.03101e-06
3.39954e-06
3.39954e-06
1.03015e+166
7.38302e+54
7.07808e+25
4.85179e+21
3.49575e-10
7.59155e-10
