0
0
0
0
0
0
0
0
0
0
0
0
0
0
0
0
0
0
0
0
0
0
0
0
0
0
0
0
0
0
0
0
0
0
0
0
0
0
0
0
0
0
0
0
0
0
0
0
0
0
0
0
0
0
0
0
0
0
0
0
0
0
0
0
0
0
0
0
0
0
0
0
0
0
0
0
0
0
0
0
0
0
0
0
0
0
0
0
0
0
0
0
0
0
0
0
0
0
0
0
0
-0.000602226
-0.0011899
-0.00176846
-0.00234042
-0.00290717
-0.00346953
-0.00402802
-0.004583
-0.00513467
-0.00568316
-0.00622852
-0.00677073
-0.00730973
-0.00784539
-0.00837752
-0.00890591
-0.00943026
-0.00995026
-0.0104655
-0.0109756
-0.0114801
-0.0119784
-0.01247
-0.0129543
-0.0134305
-0.013898
-0.014356
-0.0148038
-0.0152404
-0.0156652
-0.016077
-0.0164752
-0.0168586
-0.0172265
-0.0175778
-0.0179116
-0.0182269
-0.0185229
-0.0187987
-0.0190534
-0.0192861
-0.0194962
-0.0196828
-0.0198454
-0.0199834
-0.0200962
-0.0201835
-0.0202449
-0.0202802
-0.0202893
-0.020272
-0.0202284
-0.0201587
-0.0200631
-0.0199419
-0.0197955
-0.0196245
-0.0194293
-0.0192107
-0.0189693
-0.0187059
-0.0184213
-0.0181164
-0.017792
-0.017449
-0.0170884
-0.0167111
-0.0163181
-0.0159102
-0.0154884
-0.0150536
-0.0146066
-0.0141484
-0.0136797
-0.0132013
-0.012714
-0.0122184
-0.0117153
-0.0112052
-0.0106886
-0.0101662
-0.00963832
-0.00910544
-0.00856791
-0.00802605
-0.00748011
-0.00693032
-0.00637684
-0.00581977
-0.00525915
-0.00469497
-0.00412713
-0.00355543
-0.00297955
-0.00239898
-0.0018129
-0.00121993
-0.000617482
0
0
-0.0011899
-0.00235899
-0.00351268
-0.00465434
-0.00578609
-0.00690933
-0.00802499
-0.00913371
-0.0102359
-0.0113318
-0.0124214
-0.0135048
-0.0145818
-0.0156521
-0.0167154
-0.0177712
-0.018819
-0.0198582
-0.0208878
-0.0219072
-0.0229154
-0.0239113
-0.0248937
-0.0258615
-0.0268134
-0.0277478
-0.0286633
-0.0295583
-0.0304312
-0.0312802
-0.0321036
-0.0328995
-0.0336661
-0.0344016
-0.035104
-0.0357713
-0.0364019
-0.0369938
-0.0375452
-0.0380545
-0.0385199
-0.03894
-0.0393133
-0.0396384
-0.0399144
-0.0401401
-0.0403147
-0.0404375
-0.0405081
-0.0405262
-0.0404916
-0.0404045
-0.0402651
-0.0400739
-0.0398315
-0.0395388
-0.0391967
-0.0388064
-0.0383692
-0.0378865
-0.0373598
-0.0367907
-0.0361809
-0.0355323
-0.0348465
-0.0341255
-0.0333712
-0.0325854
-0.03177
-0.0309268
-0.0300576
-0.0291641
-0.0282482
-0.0273114
-0.0263552
-0.0253812
-0.0243908
-0.0233852
-0.0223657
-0.0213334
-0.0202894
-0.0192345
-0.0181697
-0.0170955
-0.0160127
-0.0149219
-0.0138233
-0.0127173
-0.0116043
-0.0104842
-0.00935695
-0.00822249
-0.00708043
-0.00593016
-0.00477079
-0.00360095
-0.00241849
-0.00122001
0
0
-0.00176846
-0.00351268
-0.00523727
-0.00694558
-0.00863999
-0.0103222
-0.0119934
-0.0136544
-0.0153058
-0.0169479
-0.0185808
-0.0202043
-0.0218184
-0.0234225
-0.0250162
-0.0265988
-0.0281694
-0.029727
-0.0312707
-0.0327989
-0.0343104
-0.0358036
-0.0372768
-0.0387281
-0.0401555
-0.0415569
-0.04293
-0.0442725
-0.0455819
-0.0468556
-0.0480909
-0.0492851
-0.0504355
-0.0515391
-0.0525932
-0.0535948
-0.0545413
-0.0554297
-0.0562575
-0.057022
-0.0577208
-0.0583515
-0.058912
-0.0594003
-0.0598146
-0.0601535
-0.0604157
-0.0606002
-0.0607063
-0.0607334
-0.0606815
-0.0605507
-0.0603414
-0.0600543
-0.0596904
-0.0592508
-0.0587372
-0.0581513
-0.0574949
-0.0567702
-0.0559795
-0.0551253
-0.05421
-0.0532365
-0.0522073
-0.0511253
-0.0499934
-0.0488143
-0.0475909
-0.0463258
-0.0450219
-0.0436817
-0.0423078
-0.0409027
-0.0394687
-0.0380081
-0.0365229
-0.035015
-0.0334865
-0.0319388
-0.0303736
-0.0287922
-0.0271959
-0.0255859
-0.0239629
-0.0223279
-0.0206814
-0.019024
-0.0173559
-0.0156775
-0.0139885
-0.0122889
-0.010578
-0.0088553
-0.00711948
-0.00536894
-0.0036013
-0.0018132
0
0
-0.00234042
-0.00465434
-0.00694558
-0.00921721
-0.0114716
-0.0137106
-0.0159355
-0.0181473
-0.0203465
-0.0225335
-0.0247085
-0.0268713
-0.0290215
-0.0311588
-0.0332822
-0.0353911
-0.0374841
-0.0395601
-0.0416175
-0.0436546
-0.0456696
-0.0476603
-0.0496246
-0.0515598
-0.0534634
-0.0553325
-0.0571641
-0.058955
-0.060702
-0.0624015
-0.06405
-0.0656439
-0.0671793
-0.0686526
-0.0700598
-0.0713972
-0.0726611
-0.0738476
-0.0749532
-0.0759743
-0.0769078
-0.0777504
-0.0784992
-0.0791517
-0.0797054
-0.0801583
-0.0805087
-0.0807553
-0.0808971
-0.0809334
-0.0808641
-0.0806893
-0.0804097
-0.0800261
-0.0795399
-0.0789527
-0.0782665
-0.0774837
-0.0766069
-0.075639
-0.0745829
-0.073442
-0.0722198
-0.0709199
-0.0695458
-0.0681014
-0.0665905
-0.0650167
-0.0633839
-0.0616958
-0.059956
-0.058168
-0.0563353
-0.0544611
-0.0525486
-0.0506007
-0.0486203
-0.0466099
-0.044572
-0.0425089
-0.0404225
-0.0383148
-0.0361874
-0.0340418
-0.0318792
-0.0297006
-0.027507
-0.025299
-0.0230771
-0.0208414
-0.0185921
-0.0163288
-0.014051
-0.0117579
-0.00944832
-0.00712042
-0.00477189
-0.00239969
0
0
-0.00290717
-0.00578609
-0.00863999
-0.0114716
-0.0142833
-0.0170768
-0.0198534
-0.0226141
-0.0253597
-0.0280904
-0.0308064
-0.0335075
-0.0361932
-0.0388629
-0.0415157
-0.0441505
-0.0467659
-0.0493602
-0.0519316
-0.054478
-0.056997
-0.059486
-0.0619421
-0.0643624
-0.0667433
-0.0690815
-0.0713731
-0.0736141
-0.0758005
-0.0779278
-0.0799915
-0.0819872
-0.0839099
-0.0857551
-0.0875179
-0.0891934
-0.090777
-0.0922638
-0.0936495
-0.0949295
-0.0960997
-0.0971561
-0.0980951
-0.0989133
-0.0996077
-0.100176
-0.100615
-0.100925
-0.101103
-0.101148
-0.101061
-0.100842
-0.100492
-0.100011
-0.099401
-0.0986648
-0.0978046
-0.0968233
-0.0957241
-0.0945108
-0.0931873
-0.0917576
-0.0902262
-0.0885975
-0.0868763
-0.0850671
-0.0831749
-0.0812043
-0.07916
-0.0770468
-0.0748692
-0.0726317
-0.0703385
-0.0679937
-0.0656013
-0.063165
-0.0606883
-0.0581745
-0.0556266
-0.0530475
-0.0504397
-0.0478055
-0.0451469
-0.0424659
-0.039764
-0.0370424
-0.0343023
-0.0315446
-0.0287697
-0.0259781
-0.0231697
-0.0203444
-0.0175017
-0.0146406
-0.0117599
-0.00885793
-0.00593251
-0.00298092
0
0
-0.00346953
-0.00690933
-0.0103222
-0.0137106
-0.0170768
-0.0204223
-0.0237485
-0.0270565
-0.0303469
-0.03362
-0.0368759
-0.0401144
-0.0433349
-0.0465367
-0.0497186
-0.0528792
-0.056017
-0.05913
-0.062216
-0.0652723
-0.0682963
-0.0712847
-0.0742342
-0.0771411
-0.0800013
-0.0828105
-0.0855643
-0.0882579
-0.0908861
-0.0934439
-0.0959258
-0.0983262
-0.100639
-0.10286
-0.104981
-0.106998
-0.108904
-0.110695
-0.112363
-0.113905
-0.115315
-0.116588
-0.117719
-0.118705
-0.119542
-0.120227
-0.120757
-0.12113
-0.121345
-0.1214
-0.121295
-0.121031
-0.120609
-0.120029
-0.119295
-0.118408
-0.117371
-0.116189
-0.114865
-0.113404
-0.11181
-0.110088
-0.108244
-0.106284
-0.104212
-0.102035
-0.0997587
-0.0973882
-0.0949296
-0.0923885
-0.0897704
-0.0870808
-0.0843247
-0.0815071
-0.0786329
-0.0757064
-0.0727319
-0.0697133
-0.0666543
-0.0635583
-0.0604283
-0.0572671
-0.0540772
-0.0508607
-0.0476195
-0.0443553
-0.0410693
-0.0377625
-0.0344357
-0.0310892
-0.0277233
-0.0243377
-0.0209319
-0.0175051
-0.0140561
-0.0105833
-0.00708463
-0.00355778
0
0
-0.00402802
-0.00802499
-0.0119934
-0.0159355
-0.0198534
-0.0237485
-0.0276223
-0.0314757
-0.0353094
-0.0391236
-0.0429184
-0.0466935
-0.0504482
-0.0541816
-0.0578924
-0.0615791
-0.0652397
-0.068872
-0.0724733
-0.0760408
-0.0795711
-0.0830606
-0.0865053
-0.0899008
-0.0932426
-0.0965256
-0.0997445
-0.102894
-0.105967
-0.108959
-0.111863
-0.114672
-0.117379
-0.119978
-0.122463
-0.124825
-0.127058
-0.129156
-0.131112
-0.132919
-0.134572
-0.136064
-0.137391
-0.138548
-0.13953
-0.140333
-0.140955
-0.141393
-0.141645
-0.14171
-0.141587
-0.141278
-0.140782
-0.140103
-0.139241
-0.138201
-0.136986
-0.1356
-0.134048
-0.132335
-0.130467
-0.12845
-0.12629
-0.123994
-0.121567
-0.119019
-0.116354
-0.113579
-0.110703
-0.10773
-0.104668
-0.101523
-0.0983009
-0.0950078
-0.0916491
-0.08823
-0.0847556
-0.0812305
-0.0776588
-0.0740445
-0.0703913
-0.0667023
-0.0629804
-0.0592281
-0.0554477
-0.051641
-0.0478095
-0.0439544
-0.0400765
-0.0361764
-0.0322543
-0.0283101
-0.0243433
-0.0203532
-0.0163385
-0.0122978
-0.00822929
-0.00413081
0
0
-0.004583
-0.00913371
-0.0136544
-0.0181473
-0.0226141
-0.0270565
-0.0314757
-0.0358727
-0.040248
-0.044602
-0.0489347
-0.0532455
-0.0575339
-0.0617987
-0.0660385
-0.0702515
-0.0744355
-0.0785879
-0.0827058
-0.0867858
-0.0908242
-0.0948168
-0.0987591
-0.102646
-0.106473
-0.110233
-0.11392
-0.117529
-0.121051
-0.124482
-0.127811
-0.131034
-0.13414
-0.137123
-0.139975
-0.142688
-0.145253
-0.147663
-0.149911
-0.151988
-0.153888
-0.155604
-0.15713
-0.158461
-0.15959
-0.160515
-0.16123
-0.161734
-0.162025
-0.1621
-0.161959
-0.161603
-0.161034
-0.160252
-0.159262
-0.158065
-0.156668
-0.155075
-0.153291
-0.151322
-0.149175
-0.146858
-0.144377
-0.14174
-0.138955
-0.136029
-0.132971
-0.129788
-0.126488
-0.12308
-0.11957
-0.115965
-0.112274
-0.108501
-0.104655
-0.100741
-0.0967637
-0.0927296
-0.0886432
-0.084509
-0.0803311
-0.0761132
-0.0718585
-0.06757
-0.0632501
-0.0589009
-0.0545242
-0.0501214
-0.0456933
-0.0412408
-0.036764
-0.0322629
-0.0277371
-0.0231858
-0.0186081
-0.0140024
-0.00936717
-0.00470041
0
0
-0.00513467
-0.0102359
-0.0153058
-0.0203465
-0.0253597
-0.0303469
-0.0353094
-0.040248
-0.0451634
-0.0500559
-0.0549253
-0.0597713
-0.0645928
-0.0693889
-0.0741578
-0.0788975
-0.0836056
-0.0882793
-0.0929152
-0.0975096
-0.102058
-0.106557
-0.110999
-0.115381
-0.119695
-0.123936
-0.128097
-0.132169
-0.136146
-0.14002
-0.143781
-0.147422
-0.150933
-0.154306
-0.157532
-0.1606
-0.163503
-0.166232
-0.168776
-0.171129
-0.173281
-0.175226
-0.176955
-0.178463
-0.179744
-0.180792
-0.181604
-0.182176
-0.182505
-0.182591
-0.182432
-0.182029
-0.181383
-0.180498
-0.179375
-0.17802
-0.176437
-0.174632
-0.172611
-0.170381
-0.167951
-0.165328
-0.16252
-0.159537
-0.156386
-0.153078
-0.149621
-0.146024
-0.142296
-0.138447
-0.134483
-0.130415
-0.126249
-0.121994
-0.117656
-0.113242
-0.10876
-0.104214
-0.0996102
-0.094954
-0.0902497
-0.0855015
-0.0807131
-0.0758875
-0.0710278
-0.0661361
-0.0612145
-0.0562644
-0.0512871
-0.0462832
-0.0412531
-0.0361968
-0.0311139
-0.0260039
-0.0208656
-0.0156977
-0.0104987
-0.00526682
0
0
-0.00568316
-0.0113318
-0.0169479
-0.0225335
-0.0280904
-0.03362
-0.0391236
-0.044602
-0.0500559
-0.0554855
-0.0608907
-0.0662709
-0.0716253
-0.0769525
-0.0822507
-0.0875178
-0.092751
-0.0979473
-0.103103
-0.108214
-0.113275
-0.118282
-0.123228
-0.128108
-0.132915
-0.137641
-0.14228
-0.146821
-0.151258
-0.155581
-0.15978
-0.163846
-0.167768
-0.171538
-0.175144
-0.178575
-0.181823
-0.184876
-0.187724
-0.190358
-0.192769
-0.194947
-0.196885
-0.198575
-0.200011
-0.201187
-0.202097
-0.202739
-0.203108
-0.203205
-0.203027
-0.202576
-0.201853
-0.20086
-0.199602
-0.198084
-0.196311
-0.194289
-0.192026
-0.18953
-0.18681
-0.183874
-0.180733
-0.177397
-0.173874
-0.170177
-0.166314
-0.162297
-0.158135
-0.153838
-0.149415
-0.144877
-0.140232
-0.135489
-0.130655
-0.125738
-0.120746
-0.115686
-0.110562
-0.105381
-0.100149
-0.0948686
-0.0895451
-0.0841817
-0.0787815
-0.0733472
-0.0678808
-0.0623841
-0.0568582
-0.0513041
-0.0457221
-0.0401123
-0.0344745
-0.0288078
-0.0231115
-0.0173841
-0.0116243
-0.00583019
0
0
-0.00622852
-0.0124214
-0.0185808
-0.0247085
-0.0308064
-0.0368759
-0.0429184
-0.0489347
-0.0549253
-0.0608907
-0.0668305
-0.0727443
-0.0786311
-0.0844894
-0.0903173
-0.0961124
-0.101872
-0.107592
-0.11327
-0.118899
-0.124476
-0.129995
-0.135449
-0.140832
-0.146135
-0.151352
-0.156473
-0.16149
-0.166393
-0.171171
-0.175815
-0.180313
-0.184655
-0.188828
-0.192822
-0.196625
-0.200224
-0.203609
-0.206769
-0.209691
-0.212367
-0.214786
-0.216938
-0.218816
-0.220411
-0.221718
-0.22273
-0.223443
-0.223855
-0.223962
-0.223765
-0.223265
-0.222462
-0.22136
-0.219963
-0.218277
-0.216308
-0.214064
-0.211553
-0.208784
-0.205766
-0.202511
-0.19903
-0.195332
-0.191431
-0.187336
-0.18306
-0.178615
-0.174011
-0.16926
-0.164372
-0.159358
-0.154228
-0.148991
-0.143656
-0.138232
-0.132727
-0.127147
-0.121501
-0.115793
-0.110029
-0.104215
-0.0983551
-0.0924528
-0.0865116
-0.0805343
-0.0745233
-0.0684803
-0.0624068
-0.0563036
-0.0501712
-0.0440097
-0.0378188
-0.0315979
-0.025346
-0.0190618
-0.0127439
-0.00639059
0
0
-0.00677073
-0.0135048
-0.0202043
-0.0268713
-0.0335075
-0.0401144
-0.0466935
-0.0532455
-0.0597713
-0.0662709
-0.0727443
-0.0791909
-0.0856097
-0.0919991
-0.098357
-0.104681
-0.110968
-0.117214
-0.123415
-0.129567
-0.135662
-0.141697
-0.147662
-0.153552
-0.159358
-0.165071
-0.170682
-0.17618
-0.181556
-0.186798
-0.191894
-0.196833
-0.201602
-0.206188
-0.210578
-0.21476
-0.218721
-0.222447
-0.225926
-0.229145
-0.232094
-0.234759
-0.237133
-0.239204
-0.240964
-0.242406
-0.243523
-0.244311
-0.244766
-0.244885
-0.244669
-0.244117
-0.243232
-0.242017
-0.240477
-0.238618
-0.236448
-0.233975
-0.231208
-0.228158
-0.224836
-0.221253
-0.217422
-0.213355
-0.209065
-0.204565
-0.199868
-0.194986
-0.189933
-0.184719
-0.179359
-0.173862
-0.16824
-0.162503
-0.156662
-0.150725
-0.144702
-0.1386
-0.132426
-0.126188
-0.119891
-0.113541
-0.107143
-0.100701
-0.0942178
-0.0876972
-0.0811416
-0.0745529
-0.0679325
-0.0612814
-0.0546001
-0.0478887
-0.0411468
-0.0343739
-0.027569
-0.0207307
-0.0138577
-0.00694803
0
0
-0.00730973
-0.0145818
-0.0218184
-0.0290215
-0.0361932
-0.0433349
-0.0504482
-0.0575339
-0.0645928
-0.0716253
-0.0786311
-0.0856097
-0.09256
-0.0994805
-0.106369
-0.113223
-0.120039
-0.126812
-0.13354
-0.140216
-0.146833
-0.153387
-0.159869
-0.166271
-0.172585
-0.1788
-0.184907
-0.190895
-0.196752
-0.202465
-0.208023
-0.213411
-0.218617
-0.223625
-0.228422
-0.232993
-0.237325
-0.241401
-0.245209
-0.248734
-0.251964
-0.254885
-0.257487
-0.259758
-0.261689
-0.263271
-0.264497
-0.265362
-0.265862
-0.265994
-0.265757
-0.265153
-0.264182
-0.262851
-0.261163
-0.259126
-0.256748
-0.254039
-0.251008
-0.247669
-0.244033
-0.240113
-0.235923
-0.231477
-0.226789
-0.221874
-0.216745
-0.211418
-0.205906
-0.200222
-0.19438
-0.188392
-0.182272
-0.176029
-0.169675
-0.16322
-0.156673
-0.150044
-0.14334
-0.136568
-0.129735
-0.122847
-0.115909
-0.108925
-0.101899
-0.0948351
-0.087735
-0.0806011
-0.0734347
-0.0662369
-0.0590082
-0.0517488
-0.0444581
-0.0371357
-0.0297803
-0.0223908
-0.0149654
-0.00750245
0
0
-0.00784539
-0.0156521
-0.0234225
-0.0311588
-0.0388629
-0.0465367
-0.0541816
-0.0617987
-0.0693889
-0.0769525
-0.0844894
-0.0919991
-0.0994805
-0.106932
-0.114351
-0.121736
-0.129082
-0.136385
-0.143642
-0.150845
-0.157989
-0.165066
-0.172069
-0.17899
-0.185817
-0.192542
-0.199152
-0.205637
-0.211983
-0.218178
-0.224206
-0.230054
-0.235707
-0.241148
-0.246362
-0.251334
-0.256047
-0.260485
-0.264632
-0.268473
-0.271994
-0.27518
-0.278018
-0.280497
-0.282605
-0.284332
-0.285672
-0.286618
-0.287165
-0.28731
-0.287052
-0.286393
-0.285335
-0.283882
-0.282041
-0.279819
-0.277226
-0.274272
-0.270969
-0.267331
-0.263371
-0.259103
-0.254543
-0.249707
-0.244611
-0.23927
-0.233699
-0.227916
-0.221935
-0.215771
-0.209439
-0.202953
-0.196325
-0.189569
-0.182695
-0.175716
-0.168641
-0.161479
-0.15424
-0.146931
-0.139559
-0.13213
-0.12465
-0.117124
-0.109555
-0.101947
-0.0943021
-0.0866235
-0.0789121
-0.071169
-0.0633947
-0.0555891
-0.047752
-0.0398825
-0.0319795
-0.0240415
-0.0160669
-0.00805374
0
0
-0.00837752
-0.0167154
-0.0250162
-0.0332822
-0.0415157
-0.0497186
-0.0578924
-0.0660385
-0.0741578
-0.0822507
-0.0903173
-0.098357
-0.106369
-0.114351
-0.122302
-0.130218
-0.138096
-0.145931
-0.153719
-0.161453
-0.169127
-0.176732
-0.184262
-0.191706
-0.199054
-0.206296
-0.213418
-0.220409
-0.227254
-0.233939
-0.240449
-0.246767
-0.252878
-0.258764
-0.264408
-0.269792
-0.274898
-0.279709
-0.284208
-0.288377
-0.292199
-0.29566
-0.298744
-0.301439
-0.303731
-0.305611
-0.307069
-0.308099
-0.308695
-0.308854
-0.308575
-0.307859
-0.306709
-0.305131
-0.30313
-0.300716
-0.297899
-0.294691
-0.291106
-0.287158
-0.282862
-0.278236
-0.273295
-0.268057
-0.262539
-0.25676
-0.250737
-0.244486
-0.238026
-0.231372
-0.22454
-0.217545
-0.210401
-0.203123
-0.195723
-0.188213
-0.180603
-0.172905
-0.165126
-0.157276
-0.149361
-0.141389
-0.133366
-0.125295
-0.117182
-0.10903
-0.100841
-0.0926184
-0.0843631
-0.0760762
-0.067758
-0.0594086
-0.0510274
-0.0426136
-0.0341658
-0.0256825
-0.0171618
-0.00860173
0
0
-0.00890591
-0.0177712
-0.0265988
-0.0353911
-0.0441505
-0.0528792
-0.0615791
-0.0702515
-0.0788975
-0.0875178
-0.0961124
-0.104681
-0.113223
-0.121736
-0.130218
-0.138666
-0.147077
-0.155446
-0.163768
-0.172036
-0.180244
-0.188383
-0.196445
-0.20442
-0.212296
-0.220062
-0.227704
-0.23521
-0.242564
-0.249751
-0.256753
-0.263554
-0.270136
-0.276479
-0.282566
-0.288375
-0.293889
-0.299086
-0.303949
-0.308458
-0.312594
-0.316341
-0.319682
-0.322602
-0.325087
-0.327125
-0.328707
-0.329825
-0.330473
-0.330647
-0.330346
-0.329571
-0.328325
-0.326615
-0.324448
-0.321834
-0.318784
-0.315313
-0.311434
-0.307164
-0.302521
-0.297522
-0.292186
-0.286533
-0.280582
-0.274352
-0.267862
-0.261133
-0.254181
-0.247025
-0.239682
-0.232169
-0.224501
-0.216693
-0.208758
-0.20071
-0.19256
-0.184318
-0.175995
-0.1676
-0.15914
-0.150622
-0.142053
-0.133437
-0.124779
-0.116082
-0.10735
-0.0985836
-0.0897856
-0.0809565
-0.0720965
-0.0632056
-0.0542831
-0.0453278
-0.0363384
-0.027313
-0.0182497
-0.0091462
0
0
-0.00943026
-0.018819
-0.0281694
-0.0374841
-0.0467659
-0.056017
-0.0652397
-0.0744355
-0.0836056
-0.092751
-0.101872
-0.110968
-0.120039
-0.129082
-0.138096
-0.147077
-0.156023
-0.164928
-0.173786
-0.182592
-0.191338
-0.200016
-0.208616
-0.217127
-0.225538
-0.233837
-0.242009
-0.250041
-0.257914
-0.265614
-0.273121
-0.280418
-0.287484
-0.294299
-0.300842
-0.307092
-0.313027
-0.318626
-0.323867
-0.32873
-0.333193
-0.337239
-0.340847
-0.344003
-0.34669
-0.348895
-0.350607
-0.351818
-0.352519
-0.352709
-0.352385
-0.351549
-0.350204
-0.348356
-0.346015
-0.343192
-0.339899
-0.336152
-0.331967
-0.327362
-0.322357
-0.316972
-0.311227
-0.305144
-0.298745
-0.29205
-0.28508
-0.277858
-0.270402
-0.262732
-0.254867
-0.246825
-0.238622
-0.230275
-0.221797
-0.213204
-0.204506
-0.195716
-0.186845
-0.1779
-0.168891
-0.159825
-0.150708
-0.141545
-0.132341
-0.1231
-0.113824
-0.104516
-0.095177
-0.0858076
-0.0764081
-0.0669783
-0.0575173
-0.0480238
-0.0384961
-0.0289323
-0.0193301
-0.00968687
0
0
-0.00995026
-0.0198582
-0.029727
-0.0395601
-0.0493602
-0.05913
-0.068872
-0.0785879
-0.0882793
-0.0979473
-0.107592
-0.117214
-0.126812
-0.136385
-0.145931
-0.155446
-0.164928
-0.17437
-0.183769
-0.193116
-0.202404
-0.211625
-0.220769
-0.229824
-0.238779
-0.247619
-0.256331
-0.264898
-0.273303
-0.281528
-0.289554
-0.29736
-0.304925
-0.312226
-0.319242
-0.325948
-0.33232
-0.338336
-0.343972
-0.349204
-0.354009
-0.358367
-0.362257
-0.36566
-0.368559
-0.370939
-0.372788
-0.374096
-0.374856
-0.375062
-0.374714
-0.373813
-0.372363
-0.370372
-0.367848
-0.364805
-0.361258
-0.357222
-0.352717
-0.347763
-0.342382
-0.336594
-0.330425
-0.323897
-0.317033
-0.309857
-0.302393
-0.294663
-0.286689
-0.278493
-0.270093
-0.261511
-0.252763
-0.243867
-0.234838
-0.225691
-0.21644
-0.207095
-0.197669
-0.188171
-0.17861
-0.168993
-0.159326
-0.149616
-0.139866
-0.13008
-0.120262
-0.110413
-0.100534
-0.0906266
-0.0806902
-0.0707244
-0.0607282
-0.0506999
-0.0406377
-0.0305394
-0.0204022
-0.0102234
0
0
-0.0104655
-0.0208878
-0.0312707
-0.0416175
-0.0519316
-0.062216
-0.0724733
-0.0827058
-0.0929152
-0.103103
-0.11327
-0.123415
-0.13354
-0.143642
-0.153719
-0.163768
-0.173786
-0.183769
-0.193709
-0.203601
-0.213436
-0.223206
-0.2329
-0.242506
-0.252012
-0.261404
-0.270665
-0.279779
-0.288728
-0.297491
-0.30605
-0.31438
-0.322459
-0.330264
-0.337768
-0.344948
-0.351776
-0.358226
-0.364273
-0.369891
-0.375055
-0.379741
-0.383925
-0.387589
-0.390711
-0.393276
-0.39527
-0.396681
-0.397501
-0.397726
-0.397353
-0.396384
-0.394824
-0.39268
-0.389965
-0.386692
-0.382877
-0.378539
-0.373699
-0.36838
-0.362604
-0.356398
-0.349786
-0.342795
-0.33545
-0.327777
-0.319802
-0.311549
-0.303043
-0.294305
-0.285358
-0.276223
-0.266919
-0.257464
-0.247875
-0.238167
-0.228354
-0.218449
-0.208464
-0.198409
-0.188292
-0.178121
-0.167903
-0.157644
-0.147348
-0.137018
-0.126658
-0.116269
-0.105853
-0.0954102
-0.0849398
-0.0744413
-0.0639134
-0.0533543
-0.0427617
-0.032133
-0.0214653
-0.0107555
0
0
-0.0109756
-0.0219072
-0.0327989
-0.0436546
-0.054478
-0.0652723
-0.0760408
-0.0867858
-0.0975096
-0.108214
-0.118899
-0.129567
-0.140216
-0.150845
-0.161453
-0.172036
-0.182592
-0.193116
-0.203601
-0.214041
-0.224427
-0.234751
-0.245001
-0.255166
-0.265232
-0.275184
-0.285005
-0.294678
-0.304183
-0.3135
-0.322605
-0.331476
-0.340087
-0.348412
-0.356424
-0.364095
-0.371398
-0.378302
-0.384779
-0.390802
-0.396341
-0.401372
-0.405867
-0.409805
-0.413163
-0.415924
-0.418071
-0.419591
-0.420476
-0.42072
-0.420321
-0.41928
-0.417604
-0.415301
-0.412383
-0.408867
-0.404771
-0.400115
-0.394923
-0.38922
-0.383033
-0.376389
-0.369316
-0.361843
-0.353998
-0.34581
-0.337307
-0.328514
-0.319459
-0.310165
-0.300657
-0.290957
-0.281085
-0.27106
-0.260901
-0.250624
-0.240243
-0.229772
-0.219222
-0.208605
-0.197929
-0.187203
-0.176432
-0.165623
-0.154781
-0.143908
-0.133008
-0.122082
-0.11113
-0.100155
-0.0891535
-0.078126
-0.0670705
-0.0559848
-0.0448663
-0.033712
-0.0225186
-0.0112825
0
0
-0.0114801
-0.0229154
-0.0343104
-0.0456696
-0.056997
-0.0682963
-0.0795711
-0.0908242
-0.102058
-0.113275
-0.124476
-0.135662
-0.146833
-0.157989
-0.169127
-0.180244
-0.191338
-0.202404
-0.213436
-0.224427
-0.235369
-0.246252
-0.257065
-0.267795
-0.27843
-0.288952
-0.299344
-0.309589
-0.319664
-0.329548
-0.339216
-0.348644
-0.357805
-0.366669
-0.375209
-0.383392
-0.391189
-0.398568
-0.405496
-0.411944
-0.417879
-0.423273
-0.428096
-0.432324
-0.435933
-0.4389
-0.44121
-0.442847
-0.4438
-0.444065
-0.443638
-0.442522
-0.440723
-0.43825
-0.435119
-0.431346
-0.426952
-0.421961
-0.416399
-0.410294
-0.403674
-0.396572
-0.389017
-0.381042
-0.372678
-0.363955
-0.354904
-0.345554
-0.335933
-0.326068
-0.315984
-0.305705
-0.295253
-0.284649
-0.27391
-0.263055
-0.252098
-0.241055
-0.229936
-0.218753
-0.207515
-0.19623
-0.184906
-0.173548
-0.162159
-0.150744
-0.139305
-0.127844
-0.116361
-0.104856
-0.0933275
-0.0817752
-0.0701965
-0.058589
-0.0469496
-0.0352749
-0.0235611
-0.0118042
0
0
-0.0119784
-0.0239113
-0.0358036
-0.0476603
-0.059486
-0.0712847
-0.0830606
-0.0948168
-0.106557
-0.118282
-0.129995
-0.141697
-0.153387
-0.165066
-0.176732
-0.188383
-0.200016
-0.211625
-0.223206
-0.234751
-0.246252
-0.257699
-0.269081
-0.280385
-0.291596
-0.302698
-0.313673
-0.324501
-0.335161
-0.345627
-0.355876
-0.365879
-0.375608
-0.385032
-0.39412
-0.402837
-0.411151
-0.419027
-0.426429
-0.433323
-0.439676
-0.445453
-0.450624
-0.45516
-0.459034
-0.462222
-0.464704
-0.466465
-0.467493
-0.46778
-0.467324
-0.466128
-0.464198
-0.461546
-0.458187
-0.454142
-0.449434
-0.444089
-0.438136
-0.431607
-0.424533
-0.41695
-0.408891
-0.400392
-0.391486
-0.382207
-0.372589
-0.362663
-0.352459
-0.342006
-0.331331
-0.320459
-0.309415
-0.298219
-0.286891
-0.27545
-0.26391
-0.252288
-0.240595
-0.228843
-0.21704
-0.205196
-0.193317
-0.181409
-0.169475
-0.15752
-0.145545
-0.133551
-0.121539
-0.109508
-0.0974575
-0.085385
-0.0732882
-0.0611642
-0.0490094
-0.03682
-0.0245916
-0.0123199
0
0
-0.01247
-0.0248937
-0.0372768
-0.0496246
-0.0619421
-0.0742342
-0.0865053
-0.0987591
-0.110999
-0.123228
-0.135449
-0.147662
-0.159869
-0.172069
-0.184262
-0.196445
-0.208616
-0.220769
-0.2329
-0.245001
-0.257065
-0.269081
-0.281038
-0.292922
-0.304719
-0.316411
-0.32798
-0.339405
-0.350663
-0.361728
-0.372574
-0.383172
-0.393489
-0.403495
-0.413153
-0.422428
-0.431283
-0.439679
-0.44758
-0.454945
-0.461739
-0.467923
-0.473462
-0.478325
-0.482481
-0.485904
-0.488571
-0.490465
-0.491571
-0.491883
-0.491396
-0.490115
-0.488046
-0.485202
-0.481603
-0.477268
-0.472227
-0.466506
-0.46014
-0.453163
-0.445612
-0.437524
-0.428937
-0.419889
-0.410419
-0.400562
-0.390355
-0.379833
-0.369027
-0.357968
-0.346687
-0.335209
-0.323559
-0.31176
-0.299833
-0.287797
-0.275668
-0.263461
-0.251189
-0.238864
-0.226495
-0.21409
-0.201656
-0.189199
-0.176721
-0.164227
-0.151719
-0.139196
-0.126659
-0.114107
-0.101539
-0.0889514
-0.0763421
-0.0637074
-0.0510434
-0.0383455
-0.0256091
-0.012829
0
0
-0.0129543
-0.0258615
-0.0387281
-0.0515598
-0.0643624
-0.0771411
-0.0899008
-0.102646
-0.115381
-0.128108
-0.140832
-0.153552
-0.166271
-0.17899
-0.191706
-0.20442
-0.217127
-0.229824
-0.242506
-0.255166
-0.267795
-0.280385
-0.292922
-0.305394
-0.317785
-0.330078
-0.342252
-0.354287
-0.366158
-0.377839
-0.3893
-0.400511
-0.411439
-0.422048
-0.432301
-0.442158
-0.45158
-0.460524
-0.468949
-0.476812
-0.484072
-0.490687
-0.496619
-0.50183
-0.506288
-0.509962
-0.512827
-0.514862
-0.516053
-0.516391
-0.515872
-0.5145
-0.512282
-0.509235
-0.505378
-0.500736
-0.495339
-0.48922
-0.482417
-0.474967
-0.466911
-0.458292
-0.44915
-0.439529
-0.429469
-0.419011
-0.408193
-0.397053
-0.385625
-0.373944
-0.362039
-0.349939
-0.337671
-0.325259
-0.312723
-0.300084
-0.287358
-0.274561
-0.261707
-0.248806
-0.235868
-0.222901
-0.209913
-0.196907
-0.183888
-0.170858
-0.157819
-0.144772
-0.131715
-0.118647
-0.105566
-0.0924698
-0.0793543
-0.0662155
-0.0530489
-0.0398496
-0.0266122
-0.013331
0
0
-0.0134305
-0.0268134
-0.0401555
-0.0534634
-0.0667433
-0.0800013
-0.0932426
-0.106473
-0.119695
-0.132915
-0.146135
-0.159358
-0.172585
-0.185817
-0.199054
-0.212296
-0.225538
-0.238779
-0.252012
-0.265232
-0.27843
-0.291596
-0.304719
-0.317785
-0.330778
-0.343681
-0.356473
-0.369131
-0.38163
-0.393942
-0.406038
-0.417884
-0.429444
-0.44068
-0.451553
-0.462019
-0.472035
-0.481556
-0.490534
-0.498924
-0.506678
-0.513751
-0.5201
-0.525684
-0.530464
-0.534407
-0.537484
-0.539672
-0.540955
-0.541321
-0.540768
-0.539298
-0.536921
-0.533656
-0.529523
-0.524553
-0.518778
-0.512236
-0.504967
-0.497016
-0.488428
-0.479249
-0.469524
-0.459302
-0.448626
-0.437541
-0.426088
-0.414308
-0.402239
-0.389916
-0.377372
-0.364636
-0.351737
-0.338699
-0.325544
-0.312294
-0.298965
-0.285574
-0.272133
-0.258654
-0.245146
-0.231618
-0.218076
-0.204524
-0.190966
-0.177404
-0.163839
-0.150271
-0.136699
-0.123121
-0.109534
-0.0959354
-0.0823205
-0.0686849
-0.0550233
-0.0413302
-0.0275995
-0.013825
0
0
-0.013898
-0.0277478
-0.0415569
-0.0553325
-0.0690815
-0.0828105
-0.0965256
-0.110233
-0.123936
-0.137641
-0.151352
-0.165071
-0.1788
-0.192542
-0.206296
-0.220062
-0.233837
-0.247619
-0.261404
-0.275184
-0.288952
-0.302698
-0.316411
-0.330078
-0.343681
-0.357203
-0.370623
-0.383917
-0.39706
-0.410022
-0.42277
-0.435271
-0.447487
-0.459376
-0.470895
-0.481999
-0.492639
-0.502766
-0.512329
-0.521275
-0.529555
-0.537117
-0.543911
-0.549893
-0.555018
-0.55925
-0.562556
-0.564909
-0.56629
-0.566687
-0.566097
-0.564522
-0.561976
-0.558476
-0.554048
-0.548726
-0.542547
-0.535553
-0.527791
-0.519308
-0.510156
-0.500386
-0.490049
-0.479196
-0.467876
-0.456137
-0.444025
-0.431583
-0.418852
-0.405868
-0.392667
-0.37928
-0.365736
-0.352062
-0.33828
-0.324411
-0.310474
-0.296483
-0.282453
-0.268394
-0.254316
-0.240227
-0.226132
-0.212037
-0.197943
-0.183853
-0.169767
-0.155684
-0.141604
-0.127522
-0.113437
-0.0993429
-0.0852364
-0.0711119
-0.0569635
-0.0427849
-0.0285695
-0.0143103
0
0
-0.014356
-0.0286633
-0.04293
-0.0571641
-0.0713731
-0.0855643
-0.0997445
-0.11392
-0.128097
-0.14228
-0.156473
-0.170682
-0.184907
-0.199152
-0.213418
-0.227704
-0.242009
-0.256331
-0.270665
-0.285005
-0.299344
-0.313673
-0.32798
-0.342252
-0.356473
-0.370623
-0.384682
-0.398625
-0.412426
-0.426054
-0.439475
-0.452653
-0.465548
-0.478115
-0.490309
-0.50208
-0.513376
-0.524142
-0.534322
-0.54386
-0.552698
-0.56078
-0.568052
-0.57446
-0.579957
-0.5845
-0.588052
-0.590583
-0.59207
-0.592502
-0.591872
-0.590185
-0.587454
-0.583702
-0.578958
-0.573259
-0.566647
-0.559171
-0.550882
-0.541835
-0.532086
-0.521691
-0.510709
-0.499194
-0.487201
-0.474781
-0.461984
-0.448856
-0.43544
-0.421777
-0.407902
-0.39385
-0.379649
-0.365328
-0.35091
-0.336416
-0.321864
-0.307271
-0.292649
-0.278009
-0.263362
-0.248714
-0.23407
-0.219434
-0.204809
-0.190196
-0.175595
-0.161004
-0.146421
-0.131844
-0.117267
-0.102687
-0.0880971
-0.0734925
-0.0588663
-0.0442115
-0.0295207
-0.0147862
0
0
-0.0148038
-0.0295583
-0.0442725
-0.058955
-0.0736141
-0.0882579
-0.102894
-0.117529
-0.132169
-0.146821
-0.16149
-0.17618
-0.190895
-0.205637
-0.220409
-0.23521
-0.250041
-0.264898
-0.279779
-0.294678
-0.309589
-0.324501
-0.339405
-0.354287
-0.369131
-0.383917
-0.398625
-0.41323
-0.427704
-0.442015
-0.456128
-0.470005
-0.483603
-0.496875
-0.509773
-0.522242
-0.534226
-0.545666
-0.5565
-0.566665
-0.576098
-0.584737
-0.592518
-0.599385
-0.605282
-0.61016
-0.613978
-0.616702
-0.618305
-0.618773
-0.618101
-0.616293
-0.613364
-0.609341
-0.604255
-0.598151
-0.591075
-0.583083
-0.574232
-0.564584
-0.554201
-0.543148
-0.531485
-0.519276
-0.506578
-0.493448
-0.47994
-0.466101
-0.45198
-0.437618
-0.423053
-0.408321
-0.393452
-0.378474
-0.363411
-0.348286
-0.333116
-0.317917
-0.302703
-0.287483
-0.272268
-0.257062
-0.241873
-0.226702
-0.211551
-0.196421
-0.181311
-0.16622
-0.151143
-0.136078
-0.121019
-0.105961
-0.0908976
-0.0758226
-0.0607284
-0.0456074
-0.0304514
-0.0152518
0
0
-0.0152404
-0.0304312
-0.0455819
-0.060702
-0.0758005
-0.0908861
-0.105967
-0.121051
-0.136146
-0.151258
-0.166393
-0.181556
-0.196752
-0.211983
-0.227254
-0.242564
-0.257914
-0.273303
-0.288728
-0.304183
-0.319664
-0.335161
-0.350663
-0.366158
-0.38163
-0.39706
-0.412426
-0.427704
-0.442864
-0.457875
-0.472699
-0.487296
-0.501622
-0.515627
-0.529258
-0.542458
-0.555165
-0.567316
-0.578841
-0.589673
-0.59974
-0.608973
-0.617302
-0.624662
-0.63099
-0.636231
-0.640338
-0.64327
-0.645
-0.645508
-0.64479
-0.642851
-0.639708
-0.635391
-0.629937
-0.623396
-0.615822
-0.607276
-0.597825
-0.587537
-0.576483
-0.564732
-0.552354
-0.539415
-0.52598
-0.512111
-0.497863
-0.483291
-0.468442
-0.453362
-0.438091
-0.422665
-0.407116
-0.391473
-0.375759
-0.359998
-0.344207
-0.328401
-0.312594
-0.296796
-0.281015
-0.265257
-0.249526
-0.233825
-0.218155
-0.202516
-0.186906
-0.171322
-0.15576
-0.140216
-0.124685
-0.109159
-0.0936325
-0.0780977
-0.0625463
-0.04697
-0.0313597
-0.0157063
0
0
-0.0156652
-0.0312802
-0.0468556
-0.0624015
-0.0779278
-0.0934439
-0.108959
-0.124482
-0.14002
-0.155581
-0.171171
-0.186798
-0.202465
-0.218178
-0.233939
-0.249751
-0.265614
-0.281528
-0.297491
-0.3135
-0.329548
-0.345627
-0.361728
-0.377839
-0.393942
-0.410022
-0.426054
-0.442015
-0.457875
-0.4736
-0.489154
-0.504493
-0.519571
-0.534337
-0.548732
-0.562696
-0.576163
-0.589062
-0.601319
-0.612859
-0.623603
-0.633472
-0.642389
-0.65028
-0.657074
-0.662709
-0.667128
-0.670288
-0.672154
-0.672707
-0.671939
-0.669858
-0.666483
-0.661847
-0.655996
-0.648983
-0.640873
-0.631734
-0.621641
-0.610672
-0.598904
-0.586415
-0.573282
-0.559579
-0.545374
-0.530734
-0.51572
-0.500389
-0.484793
-0.468977
-0.452984
-0.436852
-0.420613
-0.404296
-0.387926
-0.371525
-0.355111
-0.338699
-0.322301
-0.305927
-0.289585
-0.273279
-0.257013
-0.24079
-0.224608
-0.208468
-0.192366
-0.176299
-0.160262
-0.14425
-0.128257
-0.112275
-0.0962963
-0.0803131
-0.0643163
-0.0482965
-0.032244
-0.0161486
0
0
-0.016077
-0.0321036
-0.0480909
-0.06405
-0.0799915
-0.0959258
-0.111863
-0.127811
-0.143781
-0.15978
-0.175815
-0.191894
-0.208023
-0.224206
-0.240449
-0.256753
-0.273121
-0.289554
-0.30605
-0.322605
-0.339216
-0.355876
-0.372574
-0.3893
-0.406038
-0.42277
-0.439475
-0.456128
-0.472699
-0.489154
-0.505454
-0.521556
-0.537411
-0.552964
-0.568154
-0.582917
-0.59718
-0.610868
-0.6239
-0.636192
-0.647657
-0.658208
-0.667758
-0.676221
-0.683519
-0.68958
-0.69434
-0.697747
-0.699763
-0.700365
-0.699544
-0.697307
-0.69368
-0.688699
-0.682417
-0.674895
-0.666206
-0.656431
-0.645651
-0.633955
-0.62143
-0.608161
-0.594234
-0.579728
-0.564719
-0.549278
-0.533471
-0.517358
-0.500993
-0.484424
-0.467696
-0.450846
-0.433908
-0.416912
-0.399882
-0.38284
-0.365803
-0.348786
-0.3318
-0.314854
-0.297956
-0.281109
-0.264316
-0.247578
-0.230894
-0.214262
-0.197679
-0.18114
-0.16464
-0.148171
-0.131728
-0.115301
-0.0988831
-0.0824641
-0.0660345
-0.0495841
-0.0331022
-0.016578
0
0
-0.0164752
-0.0328995
-0.0492851
-0.0656439
-0.0819872
-0.0983262
-0.114672
-0.131034
-0.147422
-0.163846
-0.180313
-0.196833
-0.213411
-0.230054
-0.246767
-0.263554
-0.280418
-0.29736
-0.31438
-0.331476
-0.348644
-0.365879
-0.383172
-0.400511
-0.417884
-0.435271
-0.452653
-0.470005
-0.487296
-0.504493
-0.521556
-0.53844
-0.555094
-0.571461
-0.587477
-0.603073
-0.618171
-0.632689
-0.64654
-0.659631
-0.671866
-0.683147
-0.693376
-0.702458
-0.710302
-0.716825
-0.721956
-0.725633
-0.727813
-0.728468
-0.727589
-0.725184
-0.721282
-0.715926
-0.709175
-0.701103
-0.691792
-0.681331
-0.669817
-0.657346
-0.644017
-0.629925
-0.615162
-0.599816
-0.583969
-0.567697
-0.55107
-0.534152
-0.516999
-0.499662
-0.482185
-0.464609
-0.446966
-0.429286
-0.411594
-0.39391
-0.376252
-0.358634
-0.341065
-0.323554
-0.306107
-0.288728
-0.271417
-0.254174
-0.236998
-0.219886
-0.202833
-0.185834
-0.168882
-0.15197
-0.135089
-0.118232
-0.101387
-0.0845458
-0.0676971
-0.0508298
-0.0339325
-0.0169933
0
0
-0.0168586
-0.0336661
-0.0504355
-0.0671793
-0.0839099
-0.100639
-0.117379
-0.13414
-0.150933
-0.167768
-0.184655
-0.201602
-0.218617
-0.235707
-0.252878
-0.270136
-0.287484
-0.304925
-0.322459
-0.340087
-0.357805
-0.375608
-0.393489
-0.411439
-0.429444
-0.447487
-0.465548
-0.483603
-0.501622
-0.519571
-0.537411
-0.555094
-0.572569
-0.589775
-0.606647
-0.623109
-0.63908
-0.654471
-0.669187
-0.683125
-0.69618
-0.708242
-0.719202
-0.728952
-0.737387
-0.744414
-0.749949
-0.753921
-0.75628
-0.756994
-0.756052
-0.753463
-0.749261
-0.743497
-0.736239
-0.72757
-0.717587
-0.706391
-0.69409
-0.680795
-0.666613
-0.651652
-0.636011
-0.619787
-0.603068
-0.585936
-0.568465
-0.55072
-0.532762
-0.514643
-0.496408
-0.478098
-0.459745
-0.44138
-0.423026
-0.404704
-0.386429
-0.368214
-0.35007
-0.332002
-0.314016
-0.296113
-0.278295
-0.26056
-0.242904
-0.225324
-0.207814
-0.190368
-0.172978
-0.155636
-0.138333
-0.121058
-0.103802
-0.0865531
-0.0693
-0.0520307
-0.0347328
-0.0173936
0
0
-0.0172265
-0.0344016
-0.0515391
-0.0686526
-0.0857551
-0.10286
-0.119978
-0.137123
-0.154306
-0.171538
-0.188828
-0.206188
-0.223625
-0.241148
-0.258764
-0.276479
-0.294299
-0.312226
-0.330264
-0.348412
-0.366669
-0.385032
-0.403495
-0.422048
-0.44068
-0.459376
-0.478115
-0.496875
-0.515627
-0.534337
-0.552964
-0.571461
-0.589775
-0.607845
-0.625599
-0.642961
-0.659842
-0.676148
-0.691775
-0.706611
-0.720539
-0.733437
-0.745182
-0.755652
-0.764729
-0.772303
-0.778278
-0.782574
-0.785129
-0.785908
-0.784896
-0.782108
-0.777578
-0.771369
-0.763559
-0.754246
-0.743537
-0.731551
-0.71841
-0.704237
-0.689154
-0.673277
-0.656717
-0.639577
-0.621954
-0.603934
-0.585595
-0.567006
-0.548228
-0.529316
-0.510316
-0.491267
-0.472204
-0.453154
-0.434141
-0.415185
-0.3963
-0.377498
-0.358786
-0.340172
-0.321658
-0.303245
-0.284932
-0.266716
-0.248595
-0.230561
-0.212609
-0.194731
-0.176918
-0.159161
-0.14145
-0.123774
-0.106122
-0.0884809
-0.0708392
-0.0531837
-0.0355012
-0.017778
0
0
-0.0175778
-0.035104
-0.0525932
-0.0700598
-0.0875179
-0.104981
-0.122463
-0.139975
-0.157532
-0.175144
-0.192822
-0.210578
-0.228422
-0.246362
-0.264408
-0.282566
-0.300842
-0.319242
-0.337768
-0.356424
-0.375209
-0.39412
-0.413153
-0.432301
-0.451553
-0.470895
-0.490309
-0.509773
-0.529258
-0.548732
-0.568154
-0.587477
-0.606647
-0.625599
-0.644262
-0.662554
-0.680382
-0.697643
-0.714227
-0.730011
-0.744866
-0.758657
-0.771245
-0.782492
-0.792263
-0.800433
-0.806888
-0.811537
-0.814308
-0.815158
-0.814071
-0.811063
-0.806177
-0.799483
-0.791074
-0.781062
-0.769572
-0.756739
-0.742702
-0.727597
-0.711561
-0.694722
-0.677202
-0.659112
-0.640555
-0.621621
-0.602394
-0.582945
-0.563337
-0.543624
-0.523855
-0.504067
-0.484294
-0.464564
-0.444899
-0.425317
-0.405831
-0.386452
-0.367186
-0.348037
-0.329009
-0.310099
-0.291306
-0.272626
-0.254053
-0.235582
-0.217203
-0.198909
-0.18069
-0.162535
-0.144433
-0.126372
-0.10834
-0.0903239
-0.0723104
-0.0542857
-0.0362355
-0.0181453
0
0
-0.0179116
-0.0357713
-0.0535948
-0.0713972
-0.0891934
-0.106998
-0.124825
-0.142688
-0.1606
-0.178575
-0.196625
-0.21476
-0.232993
-0.251334
-0.269792
-0.288375
-0.307092
-0.325948
-0.344948
-0.364095
-0.383392
-0.402837
-0.422428
-0.442158
-0.462019
-0.481999
-0.50208
-0.522242
-0.542458
-0.562696
-0.582917
-0.603073
-0.623109
-0.642961
-0.662554
-0.681802
-0.700609
-0.718866
-0.736451
-0.753233
-0.76907
-0.783812
-0.797302
-0.809386
-0.819907
-0.828723
-0.835703
-0.840738
-0.843745
-0.844674
-0.843505
-0.840257
-0.83498
-0.827758
-0.818699
-0.807932
-0.795603
-0.781863
-0.766871
-0.750781
-0.733743
-0.715898
-0.697379
-0.678306
-0.658787
-0.63892
-0.618788
-0.598468
-0.578022
-0.557506
-0.536967
-0.516444
-0.495968
-0.475566
-0.455258
-0.435061
-0.414987
-0.395044
-0.375237
-0.35557
-0.336043
-0.316653
-0.297396
-0.278268
-0.259262
-0.24037
-0.221583
-0.202891
-0.184283
-0.165747
-0.147272
-0.128844
-0.11045
-0.092077
-0.0737097
-0.0553337
-0.0369338
-0.0184945
0
0
-0.0182269
-0.0364019
-0.0545413
-0.0726611
-0.090777
-0.108904
-0.127058
-0.145253
-0.163503
-0.181823
-0.200224
-0.218721
-0.237325
-0.256047
-0.274898
-0.293889
-0.313027
-0.33232
-0.351776
-0.371398
-0.391189
-0.411151
-0.431283
-0.45158
-0.472035
-0.492639
-0.513376
-0.534226
-0.555165
-0.576163
-0.59718
-0.618171
-0.63908
-0.659842
-0.680382
-0.700609
-0.720424
-0.73971
-0.758338
-0.776166
-0.793038
-0.808788
-0.823242
-0.836223
-0.847555
-0.857072
-0.864622
-0.870079
-0.873344
-0.874359
-0.8731
-0.86959
-0.863889
-0.856092
-0.846329
-0.834748
-0.821518
-0.806811
-0.790807
-0.773678
-0.75559
-0.736699
-0.717146
-0.697062
-0.67656
-0.655742
-0.634696
-0.613498
-0.592213
-0.570896
-0.549593
-0.528342
-0.507172
-0.48611
-0.465173
-0.444376
-0.423729
-0.40324
-0.382911
-0.362743
-0.342735
-0.322883
-0.303182
-0.283625
-0.264205
-0.244911
-0.225734
-0.206663
-0.187685
-0.168788
-0.149958
-0.131183
-0.112447
-0.0937351
-0.0750329
-0.0563246
-0.0375939
-0.0188247
0
0
-0.0185229
-0.0369938
-0.0554297
-0.0738476
-0.0922638
-0.110695
-0.129156
-0.147663
-0.166232
-0.184876
-0.203609
-0.222447
-0.241401
-0.260485
-0.279709
-0.299086
-0.318626
-0.338336
-0.358226
-0.378302
-0.398568
-0.419027
-0.439679
-0.460524
-0.481556
-0.502766
-0.524142
-0.545666
-0.567316
-0.589062
-0.610868
-0.632689
-0.654471
-0.676148
-0.697643
-0.718866
-0.73971
-0.760054
-0.779762
-0.798679
-0.816636
-0.83345
-0.848928
-0.862868
-0.875071
-0.885344
-0.893514
-0.89943
-0.902978
-0.904086
-0.902731
-0.898935
-0.892771
-0.884352
-0.873828
-0.861374
-0.84718
-0.831448
-0.814376
-0.796158
-0.776977
-0.757003
-0.736388
-0.715271
-0.69377
-0.671993
-0.650028
-0.627953
-0.605834
-0.583724
-0.561668
-0.539701
-0.517854
-0.496147
-0.474599
-0.453221
-0.432022
-0.411006
-0.390174
-0.369526
-0.349058
-0.328766
-0.308641
-0.288677
-0.268863
-0.249189
-0.229643
-0.210213
-0.190886
-0.171648
-0.152485
-0.133381
-0.114323
-0.095293
-0.076276
-0.0572554
-0.038214
-0.0191348
0
0
-0.0187987
-0.0375452
-0.0562575
-0.0749532
-0.0936495
-0.112363
-0.131112
-0.149911
-0.168776
-0.187724
-0.206769
-0.225926
-0.245209
-0.264632
-0.284208
-0.303949
-0.323867
-0.343972
-0.364273
-0.384779
-0.405496
-0.426429
-0.44758
-0.468949
-0.490534
-0.512329
-0.534322
-0.5565
-0.578841
-0.601319
-0.6239
-0.64654
-0.669187
-0.691775
-0.714227
-0.736451
-0.758338
-0.779762
-0.800577
-0.82062
-0.839707
-0.857636
-0.874193
-0.889152
-0.902286
-0.913373
-0.922212
-0.928626
-0.932481
-0.933692
-0.93223
-0.928125
-0.921459
-0.912369
-0.901028
-0.88764
-0.872424
-0.855609
-0.837419
-0.818068
-0.797759
-0.776674
-0.754976
-0.732812
-0.710306
-0.687568
-0.664689
-0.641746
-0.618804
-0.595916
-0.573123
-0.550461
-0.527956
-0.505628
-0.483491
-0.461555
-0.439826
-0.418307
-0.396996
-0.375892
-0.354988
-0.334278
-0.313754
-0.293404
-0.27322
-0.253188
-0.233295
-0.213529
-0.193875
-0.174317
-0.154842
-0.135432
-0.116072
-0.0967457
-0.0774351
-0.0581231
-0.0387921
-0.0194239
0
0
-0.0190534
-0.0380545
-0.057022
-0.0759743
-0.0949295
-0.113905
-0.132919
-0.151988
-0.171129
-0.190358
-0.209691
-0.229145
-0.248734
-0.268473
-0.288377
-0.308458
-0.32873
-0.349204
-0.369891
-0.390802
-0.411944
-0.433323
-0.454945
-0.476812
-0.498924
-0.521275
-0.54386
-0.566665
-0.589673
-0.612859
-0.636192
-0.659631
-0.683125
-0.706611
-0.730011
-0.753233
-0.776166
-0.798679
-0.82062
-0.841815
-0.862066
-0.881153
-0.898839
-0.914872
-0.928993
-0.940949
-0.950504
-0.957455
-0.961642
-0.962965
-0.961389
-0.956948
-0.949744
-0.939934
-0.927721
-0.913343
-0.897051
-0.879104
-0.859753
-0.839235
-0.817771
-0.795557
-0.772767
-0.749554
-0.726047
-0.702357
-0.678577
-0.654784
-0.63104
-0.607395
-0.583891
-0.560559
-0.537422
-0.514499
-0.4918
-0.469334
-0.447103
-0.425108
-0.403346
-0.381812
-0.360498
-0.339397
-0.318498
-0.297789
-0.277258
-0.256893
-0.236678
-0.216599
-0.19664
-0.176787
-0.157022
-0.137329
-0.11769
-0.0980886
-0.0785063
-0.0589251
-0.0393263
-0.019691
0
0
-0.0192861
-0.0385199
-0.0577208
-0.0769078
-0.0960997
-0.115315
-0.134572
-0.153888
-0.173281
-0.192769
-0.212367
-0.232094
-0.251964
-0.271994
-0.292199
-0.312594
-0.333193
-0.354009
-0.375055
-0.396341
-0.417879
-0.439676
-0.461739
-0.484072
-0.506678
-0.529555
-0.552698
-0.576098
-0.59974
-0.623603
-0.647657
-0.671866
-0.69618
-0.720539
-0.744866
-0.76907
-0.793038
-0.816636
-0.839707
-0.862066
-0.883502
-0.903778
-0.922631
-0.939782
-0.954939
-0.967813
-0.97813
-0.985654
-0.990196
-0.991639
-0.989941
-0.985142
-0.977363
-0.966788
-0.953655
-0.938238
-0.920826
-0.901708
-0.881166
-0.859461
-0.83683
-0.813483
-0.789606
-0.765354
-0.740863
-0.716243
-0.691587
-0.66697
-0.642453
-0.618084
-0.593901
-0.569931
-0.546196
-0.52271
-0.499482
-0.476517
-0.453816
-0.431376
-0.409193
-0.387258
-0.365564
-0.3441
-0.322854
-0.301813
-0.280963
-0.260289
-0.239777
-0.219411
-0.199173
-0.179048
-0.159017
-0.139064
-0.11917
-0.0993169
-0.0794861
-0.0596585
-0.0398148
-0.0199353
0
0
-0.0194962
-0.03894
-0.0583515
-0.0777504
-0.0971561
-0.116588
-0.136064
-0.155604
-0.175226
-0.194947
-0.214786
-0.234759
-0.254885
-0.27518
-0.29566
-0.316341
-0.337239
-0.358367
-0.379741
-0.401372
-0.423273
-0.445453
-0.467923
-0.490687
-0.513751
-0.537117
-0.56078
-0.584737
-0.608973
-0.633472
-0.658208
-0.683147
-0.708242
-0.733437
-0.758657
-0.783812
-0.808788
-0.83345
-0.857636
-0.881153
-0.903778
-0.925254
-0.945297
-0.963596
-0.979825
-0.993654
-1.00477
-1.0129
-1.01782
-1.01939
-1.01756
-1.01238
-1.004
-0.99262
-0.97853
-0.962039
-0.943476
-0.923166
-0.901421
-0.878525
-0.854734
-0.83027
-0.805326
-0.780063
-0.754619
-0.729104
-0.703609
-0.678208
-0.652958
-0.627904
-0.603081
-0.578514
-0.55422
-0.53021
-0.506491
-0.483064
-0.459928
-0.437078
-0.414507
-0.392205
-0.370162
-0.348366
-0.326803
-0.305458
-0.284317
-0.263364
-0.242582
-0.221954
-0.201463
-0.181092
-0.160821
-0.140632
-0.120507
-0.100426
-0.0803709
-0.0603208
-0.0402559
-0.0201559
0
0
-0.0196828
-0.0393133
-0.058912
-0.0784992
-0.0980951
-0.117719
-0.137391
-0.15713
-0.176955
-0.196885
-0.216938
-0.237133
-0.257487
-0.278018
-0.298744
-0.319682
-0.340847
-0.362257
-0.383925
-0.405867
-0.428096
-0.450624
-0.473462
-0.496619
-0.5201
-0.543911
-0.568052
-0.592518
-0.617302
-0.642389
-0.667758
-0.693376
-0.719202
-0.745182
-0.771245
-0.797302
-0.823242
-0.848928
-0.874193
-0.898839
-0.922631
-0.945297
-0.966528
-0.985983
-1.0033
-1.01811
-1.03005
-1.0388
-1.04411
-1.04581
-1.04385
-1.03828
-1.02927
-1.01706
-1.00199
-0.984414
-0.964693
-0.943194
-0.920257
-0.896191
-0.871268
-0.845723
-0.819753
-0.793525
-0.767176
-0.740816
-0.714533
-0.688399
-0.662467
-0.636779
-0.611365
-0.586247
-0.56144
-0.53695
-0.512783
-0.488936
-0.465405
-0.442183
-0.419261
-0.396627
-0.37427
-0.352175
-0.330326
-0.30871
-0.287308
-0.266104
-0.245081
-0.224219
-0.203502
-0.182911
-0.162425
-0.142027
-0.121696
-0.101413
-0.0811578
-0.0609096
-0.0406481
-0.020352
0
0
-0.0198454
-0.0396384
-0.0594003
-0.0791517
-0.0989133
-0.118705
-0.138548
-0.158461
-0.178463
-0.198575
-0.218816
-0.239204
-0.259758
-0.280497
-0.301439
-0.322602
-0.344003
-0.36566
-0.387589
-0.409805
-0.432324
-0.45516
-0.478325
-0.50183
-0.525684
-0.549893
-0.57446
-0.599385
-0.624662
-0.65028
-0.676221
-0.702458
-0.728952
-0.755652
-0.782492
-0.809386
-0.836223
-0.862868
-0.889152
-0.914872
-0.939782
-0.963596
-0.985983
-1.00657
-1.02497
-1.04075
-1.05351
-1.06289
-1.0686
-1.07043
-1.06834
-1.06237
-1.05273
-1.0397
-1.02365
-1.00499
-0.984136
-0.961479
-0.937392
-0.912206
-0.886208
-0.859642
-0.832711
-0.805584
-0.778396
-0.751257
-0.724252
-0.697448
-0.670895
-0.644632
-0.618685
-0.593072
-0.567803
-0.542885
-0.518317
-0.494095
-0.470213
-0.446661
-0.423428
-0.400501
-0.377866
-0.355507
-0.333408
-0.311552
-0.289921
-0.268497
-0.247262
-0.226196
-0.205281
-0.184497
-0.163825
-0.143243
-0.122733
-0.102273
-0.0818437
-0.0614229
-0.0409899
-0.0205229
0
0
-0.0199834
-0.0399144
-0.0598146
-0.0797054
-0.0996077
-0.119542
-0.13953
-0.15959
-0.179744
-0.200011
-0.220411
-0.240964
-0.261689
-0.282605
-0.303731
-0.325087
-0.34669
-0.368559
-0.390711
-0.413163
-0.435933
-0.459034
-0.482481
-0.506288
-0.530464
-0.555018
-0.579957
-0.605282
-0.63099
-0.657074
-0.683519
-0.710302
-0.737387
-0.764729
-0.792263
-0.819907
-0.847555
-0.875071
-0.902286
-0.928993
-0.954939
-0.979825
-1.0033
-1.02497
-1.04439
-1.06111
-1.07467
-1.08467
-1.09076
-1.09273
-1.0905
-1.08414
-1.07388
-1.06005
-1.04307
-1.02338
-1.00144
-0.977696
-0.952536
-0.926313
-0.899326
-0.871827
-0.844024
-0.816085
-0.788145
-0.760309
-0.732661
-0.705264
-0.678164
-0.651395
-0.62498
-0.598933
-0.573263
-0.547971
-0.523055
-0.498509
-0.474323
-0.450486
-0.426985
-0.403806
-0.380932
-0.358347
-0.336033
-0.313972
-0.292145
-0.270533
-0.249117
-0.227877
-0.206794
-0.185846
-0.165014
-0.144276
-0.123614
-0.103004
-0.0824261
-0.0618587
-0.0412801
-0.020668
0
0
-0.0200962
-0.0401401
-0.0601535
-0.0801583
-0.100176
-0.120227
-0.140333
-0.160515
-0.180792
-0.201187
-0.221718
-0.242406
-0.263271
-0.284332
-0.305611
-0.327125
-0.348895
-0.370939
-0.393276
-0.415924
-0.4389
-0.462222
-0.485904
-0.509962
-0.534407
-0.55925
-0.5845
-0.61016
-0.636231
-0.662709
-0.68958
-0.716825
-0.744414
-0.772303
-0.800433
-0.828723
-0.857072
-0.885344
-0.913373
-0.940949
-0.967813
-0.993654
-1.01811
-1.04075
-1.06111
-1.07869
-1.093
-1.10356
-1.11002
-1.11211
-1.10975
-1.10303
-1.0922
-1.07763
-1.05978
-1.03915
-1.01624
-0.991516
-0.965399
-0.938257
-0.910401
-0.882087
-0.853525
-0.824884
-0.796296
-0.767864
-0.739667
-0.711765
-0.684201
-0.657004
-0.630194
-0.603783
-0.577776
-0.552171
-0.526964
-0.502147
-0.477708
-0.453634
-0.429911
-0.406523
-0.383451
-0.360679
-0.338187
-0.315957
-0.293969
-0.272202
-0.250638
-0.229255
-0.208032
-0.18695
-0.165987
-0.145122
-0.124334
-0.103602
-0.0829027
-0.0622154
-0.0415176
-0.0207867
0
0
-0.0201835
-0.0403147
-0.0604157
-0.0805087
-0.100615
-0.120757
-0.140955
-0.16123
-0.181604
-0.202097
-0.22273
-0.243523
-0.264497
-0.285672
-0.307069
-0.328707
-0.350607
-0.372788
-0.39527
-0.418071
-0.44121
-0.464704
-0.488571
-0.512827
-0.537484
-0.562556
-0.588052
-0.613978
-0.640338
-0.667128
-0.69434
-0.721956
-0.749949
-0.778278
-0.806888
-0.835703
-0.864622
-0.893514
-0.922212
-0.950504
-0.97813
-1.00477
-1.03005
-1.05351
-1.07467
-1.093
-1.10794
-1.119
-1.12577
-1.12797
-1.12551
-1.11847
-1.10714
-1.09193
-1.07334
-1.05191
-1.02817
-1.00263
-0.975709
-0.947804
-0.919229
-0.890245
-0.861064
-0.831851
-0.802738
-0.773824
-0.745186
-0.716878
-0.688942
-0.661404
-0.63428
-0.60758
-0.581305
-0.555452
-0.530016
-0.504985
-0.480347
-0.456087
-0.432189
-0.408636
-0.38541
-0.362491
-0.339861
-0.317498
-0.295384
-0.273497
-0.251817
-0.230322
-0.208992
-0.187806
-0.166741
-0.145778
-0.124893
-0.104065
-0.0832717
-0.0624915
-0.0417014
-0.0208787
0
0
-0.0202449
-0.0404375
-0.0606002
-0.0807553
-0.100925
-0.12113
-0.141393
-0.161734
-0.182176
-0.202739
-0.223443
-0.244311
-0.265362
-0.286618
-0.308099
-0.329825
-0.351818
-0.374096
-0.396681
-0.419591
-0.442847
-0.466465
-0.490465
-0.514862
-0.539672
-0.564909
-0.590583
-0.616702
-0.64327
-0.670288
-0.697747
-0.725633
-0.753921
-0.782574
-0.811537
-0.840738
-0.870079
-0.89943
-0.928626
-0.957455
-0.985654
-1.0129
-1.0388
-1.06289
-1.08467
-1.10356
-1.119
-1.13045
-1.13747
-1.13975
-1.1372
-1.12992
-1.11821
-1.1025
-1.08334
-1.06129
-1.03692
-1.01075
-0.983227
-0.954748
-0.925636
-0.896154
-0.866512
-0.836877
-0.807377
-0.778109
-0.749147
-0.720544
-0.692337
-0.66455
-0.637198
-0.610288
-0.58382
-0.557789
-0.532186
-0.507002
-0.48222
-0.457827
-0.433804
-0.410133
-0.386797
-0.363774
-0.341044
-0.318588
-0.296384
-0.274412
-0.252649
-0.231076
-0.209669
-0.188409
-0.167273
-0.146239
-0.125286
-0.104391
-0.0835316
-0.0626859
-0.0418309
-0.0209434
0
0
-0.0202802
-0.0405081
-0.0607063
-0.0808971
-0.101103
-0.121345
-0.141645
-0.162025
-0.182505
-0.203108
-0.223855
-0.244766
-0.265862
-0.287165
-0.308695
-0.330473
-0.352519
-0.374856
-0.397501
-0.420476
-0.4438
-0.467493
-0.491571
-0.516053
-0.540955
-0.56629
-0.59207
-0.618305
-0.645
-0.672154
-0.699763
-0.727813
-0.75628
-0.785129
-0.814308
-0.843745
-0.873344
-0.902978
-0.932481
-0.961642
-0.990196
-1.01782
-1.04411
-1.0686
-1.09076
-1.11002
-1.12577
-1.13747
-1.14464
-1.14698
-1.14437
-1.13694
-1.12497
-1.10895
-1.08943
-1.06699
-1.04223
-1.01566
-0.987766
-0.958932
-0.929487
-0.899698
-0.869774
-0.83988
-0.810143
-0.780659
-0.7515
-0.722718
-0.694346
-0.666409
-0.63892
-0.611883
-0.585299
-0.559161
-0.533459
-0.508183
-0.483316
-0.458843
-0.434746
-0.411006
-0.387603
-0.364519
-0.341731
-0.31922
-0.296963
-0.274941
-0.253131
-0.231511
-0.210061
-0.188757
-0.16758
-0.146505
-0.125513
-0.104579
-0.0836813
-0.0627979
-0.0419054
-0.0209807
0
0
-0.0202893
-0.0405262
-0.0607334
-0.0809334
-0.101148
-0.1214
-0.14171
-0.1621
-0.182591
-0.203205
-0.223962
-0.244885
-0.265994
-0.28731
-0.308854
-0.330647
-0.352709
-0.375062
-0.397726
-0.42072
-0.444065
-0.46778
-0.491883
-0.516391
-0.541321
-0.566687
-0.592502
-0.618773
-0.645508
-0.672707
-0.700365
-0.728468
-0.756994
-0.785908
-0.815158
-0.844674
-0.874359
-0.904086
-0.933692
-0.962965
-0.991639
-1.01939
-1.04581
-1.07043
-1.09273
-1.11211
-1.12797
-1.13975
-1.14698
-1.14934
-1.14671
-1.13922
-1.12717
-1.11104
-1.09139
-1.06883
-1.04393
-1.01723
-0.989209
-0.960254
-0.930698
-0.900806
-0.870787
-0.840807
-0.810992
-0.781437
-0.752213
-0.723372
-0.694947
-0.666961
-0.639427
-0.61235
-0.585728
-0.559556
-0.533824
-0.508518
-0.483625
-0.459128
-0.435008
-0.411247
-0.387825
-0.364723
-0.341918
-0.319391
-0.297119
-0.275082
-0.253259
-0.231626
-0.210164
-0.188849
-0.16766
-0.146575
-0.125572
-0.104628
-0.0837202
-0.062827
-0.0419248
-0.0209903
0
0
-0.020272
-0.0404916
-0.0606815
-0.0808641
-0.101061
-0.121295
-0.141587
-0.161959
-0.182432
-0.203027
-0.223765
-0.244669
-0.265757
-0.287052
-0.308575
-0.330346
-0.352385
-0.374714
-0.397353
-0.420321
-0.443638
-0.467324
-0.491396
-0.515872
-0.540768
-0.566097
-0.591872
-0.618101
-0.64479
-0.671939
-0.699544
-0.727589
-0.756052
-0.784896
-0.814071
-0.843505
-0.8731
-0.902731
-0.93223
-0.961389
-0.989941
-1.01756
-1.04385
-1.06834
-1.0905
-1.10975
-1.12551
-1.1372
-1.14437
-1.14671
-1.14411
-1.13667
-1.12471
-1.10869
-1.08916
-1.06673
-1.04197
-1.01541
-0.987513
-0.958681
-0.929239
-0.899453
-0.869532
-0.839642
-0.809909
-0.780429
-0.751275
-0.722497
-0.69413
-0.666198
-0.638714
-0.611683
-0.585104
-0.558972
-0.533277
-0.508006
-0.483146
-0.458679
-0.434589
-0.410856
-0.387461
-0.364383
-0.341603
-0.319099
-0.29685
-0.274835
-0.253033
-0.231421
-0.209978
-0.188683
-0.167514
-0.146447
-0.125463
-0.104537
-0.083648
-0.0627729
-0.0418888
-0.0209723
0
0
-0.0202284
-0.0404045
-0.0605507
-0.0806893
-0.100842
-0.121031
-0.141278
-0.161603
-0.182029
-0.202576
-0.223265
-0.244117
-0.265153
-0.286393
-0.307859
-0.329571
-0.351549
-0.373813
-0.396384
-0.41928
-0.442522
-0.466128
-0.490115
-0.5145
-0.539298
-0.564522
-0.590185
-0.616293
-0.642851
-0.669858
-0.697307
-0.725184
-0.753463
-0.782108
-0.811063
-0.840257
-0.86959
-0.898935
-0.928125
-0.956948
-0.985142
-1.01238
-1.03828
-1.06237
-1.08414
-1.10303
-1.11847
-1.12992
-1.13694
-1.13922
-1.13667
-1.12939
-1.11768
-1.10197
-1.08281
-1.06077
-1.0364
-1.01023
-0.982719
-0.954246
-0.925139
-0.895663
-0.866028
-0.836401
-0.806908
-0.777649
-0.748696
-0.720102
-0.691904
-0.664128
-0.636787
-0.609887
-0.58343
-0.557411
-0.531821
-0.506649
-0.48188
-0.4575
-0.43349
-0.409834
-0.386511
-0.363502
-0.340787
-0.318346
-0.296157
-0.2742
-0.252453
-0.230895
-0.209505
-0.188261
-0.167141
-0.146123
-0.125186
-0.104308
-0.0834649
-0.0626359
-0.0417975
-0.0209267
0
0
-0.0201587
-0.0402651
-0.0603414
-0.0804097
-0.100492
-0.120609
-0.140782
-0.161034
-0.181383
-0.201853
-0.222462
-0.243232
-0.264182
-0.285335
-0.306709
-0.328325
-0.350204
-0.372363
-0.394824
-0.417604
-0.440723
-0.464198
-0.488046
-0.512282
-0.536921
-0.561976
-0.587454
-0.613364
-0.639708
-0.666483
-0.69368
-0.721282
-0.749261
-0.777578
-0.806177
-0.83498
-0.863889
-0.892771
-0.921459
-0.949744
-0.977363
-1.004
-1.02927
-1.05273
-1.07388
-1.0922
-1.10714
-1.11821
-1.12497
-1.12717
-1.12471
-1.11768
-1.10635
-1.09114
-1.07256
-1.05113
-1.0274
-1.00186
-0.974946
-0.947049
-0.918483
-0.889509
-0.860338
-0.831136
-0.802034
-0.773133
-0.744508
-0.716215
-0.688293
-0.66077
-0.633662
-0.606978
-0.58072
-0.554886
-0.529467
-0.504455
-0.479836
-0.455596
-0.431718
-0.408186
-0.384981
-0.362084
-0.339475
-0.317135
-0.295044
-0.27318
-0.251523
-0.230052
-0.208745
-0.187583
-0.166543
-0.145603
-0.124743
-0.10394
-0.0831716
-0.0624163
-0.0416513
-0.0208536
0
0
-0.0200631
-0.0400739
-0.0600543
-0.0800261
-0.100011
-0.120029
-0.140103
-0.160252
-0.180498
-0.20086
-0.22136
-0.242017
-0.262851
-0.283882
-0.305131
-0.326615
-0.348356
-0.370372
-0.39268
-0.415301
-0.43825
-0.461546
-0.485202
-0.509235
-0.533656
-0.558476
-0.583702
-0.609341
-0.635391
-0.661847
-0.688699
-0.715926
-0.743497
-0.771369
-0.799483
-0.827758
-0.856092
-0.884352
-0.912369
-0.939934
-0.966788
-0.99262
-1.01706
-1.0397
-1.06005
-1.07763
-1.09193
-1.1025
-1.10895
-1.11104
-1.10869
-1.10197
-1.09114
-1.07658
-1.05873
-1.03811
-1.0152
-0.990488
-0.964381
-0.937249
-0.909405
-0.881103
-0.852556
-0.823929
-0.795357
-0.766942
-0.738763
-0.710879
-0.683334
-0.656157
-0.629369
-0.60298
-0.576996
-0.551414
-0.526232
-0.501439
-0.477026
-0.452979
-0.429283
-0.405922
-0.382879
-0.360135
-0.337673
-0.315472
-0.293514
-0.271778
-0.250245
-0.228893
-0.207703
-0.186653
-0.165722
-0.14489
-0.124135
-0.103435
-0.0827691
-0.0621151
-0.0414506
-0.0207533
0
0
-0.0199419
-0.0398315
-0.0596904
-0.0795399
-0.099401
-0.119295
-0.139241
-0.159262
-0.179375
-0.199602
-0.219963
-0.240477
-0.261163
-0.282041
-0.30313
-0.324448
-0.346015
-0.367848
-0.389965
-0.412383
-0.435119
-0.458187
-0.481603
-0.505378
-0.529523
-0.554048
-0.578958
-0.604255
-0.629937
-0.655996
-0.682417
-0.709175
-0.736239
-0.763559
-0.791074
-0.818699
-0.846329
-0.873828
-0.901028
-0.927721
-0.953655
-0.97853
-1.00199
-1.02365
-1.04307
-1.05978
-1.07334
-1.08334
-1.08943
-1.09139
-1.08916
-1.08281
-1.07256
-1.05873
-1.04175
-1.02207
-1.00014
-0.976409
-0.951261
-0.925051
-0.898079
-0.870596
-0.84281
-0.814889
-0.786969
-0.759154
-0.731529
-0.704155
-0.677079
-0.650335
-0.623946
-0.597928
-0.572286
-0.547024
-0.522138
-0.497623
-0.473469
-0.449665
-0.426198
-0.403053
-0.380215
-0.357666
-0.335388
-0.313364
-0.291575
-0.270002
-0.248625
-0.227425
-0.206381
-0.185473
-0.164681
-0.143985
-0.123363
-0.102795
-0.0822587
-0.0617331
-0.0411963
-0.0206261
0
0
-0.0197955
-0.0395388
-0.0592508
-0.0789527
-0.0986648
-0.118408
-0.138201
-0.158065
-0.17802
-0.198084
-0.218277
-0.238618
-0.259126
-0.279819
-0.300716
-0.321834
-0.343192
-0.364805
-0.386692
-0.408867
-0.431346
-0.454142
-0.477268
-0.500736
-0.524553
-0.548726
-0.573259
-0.598151
-0.623396
-0.648983
-0.674895
-0.701103
-0.72757
-0.754246
-0.781062
-0.807932
-0.834748
-0.861374
-0.88764
-0.913343
-0.938238
-0.962039
-0.984414
-1.00499
-1.02338
-1.03915
-1.05191
-1.06129
-1.06699
-1.06883
-1.06673
-1.06077
-1.05113
-1.03811
-1.02207
-1.00342
-0.982575
-0.959931
-0.935859
-0.910689
-0.884708
-0.858161
-0.831251
-0.804146
-0.776982
-0.749868
-0.722889
-0.696113
-0.66959
-0.643357
-0.617442
-0.591862
-0.566628
-0.541745
-0.517214
-0.493029
-0.469186
-0.445674
-0.422482
-0.399596
-0.377004
-0.354688
-0.332633
-0.310822
-0.289237
-0.267859
-0.24667
-0.225652
-0.204785
-0.184049
-0.163425
-0.142893
-0.122432
-0.102022
-0.0816425
-0.0612719
-0.0408891
-0.0204725
0
0
-0.0196245
-0.0391967
-0.0587372
-0.0782665
-0.0978046
-0.117371
-0.136986
-0.156668
-0.176437
-0.196311
-0.216308
-0.236448
-0.256748
-0.277226
-0.297899
-0.318784
-0.339899
-0.361258
-0.382877
-0.404771
-0.426952
-0.449434
-0.472227
-0.495339
-0.518778
-0.542547
-0.566647
-0.591075
-0.615822
-0.640873
-0.666206
-0.691792
-0.717587
-0.743537
-0.769572
-0.795603
-0.821518
-0.84718
-0.872424
-0.897051
-0.920826
-0.943476
-0.964693
-0.984136
-1.00144
-1.01624
-1.02817
-1.03692
-1.04223
-1.04393
-1.04197
-1.0364
-1.0274
-1.0152
-1.00014
-0.982575
-0.962866
-0.941383
-0.918463
-0.894416
-0.869514
-0.843991
-0.818046
-0.791844
-0.765522
-0.739191
-0.71294
-0.686838
-0.66094
-0.635288
-0.609912
-0.584833
-0.560065
-0.535618
-0.511493
-0.48769
-0.464204
-0.441028
-0.418154
-0.395569
-0.373262
-0.351217
-0.32942
-0.307856
-0.286507
-0.265358
-0.244389
-0.223583
-0.202922
-0.182387
-0.161958
-0.141617
-0.121344
-0.101119
-0.0809225
-0.060733
-0.0405302
-0.020293
0
0
-0.0194293
-0.0388064
-0.0581513
-0.0774837
-0.0968233
-0.116189
-0.1356
-0.155075
-0.174632
-0.194289
-0.214064
-0.233975
-0.254039
-0.274272
-0.294691
-0.315313
-0.336152
-0.357222
-0.378539
-0.400115
-0.421961
-0.444089
-0.466506
-0.48922
-0.512236
-0.535553
-0.559171
-0.583083
-0.607276
-0.631734
-0.656431
-0.681331
-0.706391
-0.731551
-0.756739
-0.781863
-0.806811
-0.831448
-0.855609
-0.879104
-0.901708
-0.923166
-0.943194
-0.961479
-0.977696
-0.991516
-1.00263
-1.01075
-1.01566
-1.01723
-1.01541
-1.01023
-1.00186
-0.990488
-0.976409
-0.959931
-0.941383
-0.921091
-0.899365
-0.876491
-0.852723
-0.828285
-0.803368
-0.778136
-0.752723
-0.727242
-0.701783
-0.676419
-0.651209
-0.626196
-0.601416
-0.576893
-0.552645
-0.528682
-0.505012
-0.481636
-0.458552
-0.435755
-0.413239
-0.390993
-0.369007
-0.347269
-0.325764
-0.30448
-0.2834
-0.262509
-0.241789
-0.221225
-0.200798
-0.180491
-0.160285
-0.140163
-0.120104
-0.10009
-0.0801014
-0.0601184
-0.0401208
-0.0200883
0
0
-0.0192107
-0.0383692
-0.0574949
-0.0766069
-0.0957241
-0.114865
-0.134048
-0.153291
-0.172611
-0.192026
-0.211553
-0.231208
-0.251008
-0.270969
-0.291106
-0.311434
-0.331967
-0.352717
-0.373699
-0.394923
-0.416399
-0.438136
-0.46014
-0.482417
-0.504967
-0.527791
-0.550882
-0.574232
-0.597825
-0.621641
-0.645651
-0.669817
-0.69409
-0.71841
-0.742702
-0.766871
-0.790807
-0.814376
-0.837419
-0.859753
-0.881166
-0.901421
-0.920257
-0.937392
-0.952536
-0.965399
-0.975709
-0.983227
-0.987766
-0.989209
-0.987513
-0.982719
-0.974946
-0.964381
-0.951261
-0.935859
-0.918463
-0.899365
-0.878845
-0.857164
-0.83456
-0.811243
-0.787396
-0.763179
-0.738723
-0.714142
-0.689526
-0.664951
-0.640479
-0.616156
-0.592021
-0.568101
-0.544418
-0.520986
-0.497814
-0.474906
-0.452263
-0.429883
-0.407761
-0.38589
-0.36426
-0.342862
-0.321682
-0.300709
-0.279928
-0.259324
-0.238883
-0.218588
-0.198423
-0.17837
-0.158413
-0.138534
-0.118715
-0.0989372
-0.0791819
-0.0594301
-0.0396624
-0.0198591
0
0
-0.0189693
-0.0378865
-0.0567702
-0.075639
-0.0945108
-0.113404
-0.132335
-0.151322
-0.170381
-0.18953
-0.208784
-0.228158
-0.247669
-0.267331
-0.287158
-0.307164
-0.327362
-0.347763
-0.36838
-0.38922
-0.410294
-0.431607
-0.453163
-0.474967
-0.497016
-0.519308
-0.541835
-0.564584
-0.587537
-0.610672
-0.633955
-0.657346
-0.680795
-0.704237
-0.727597
-0.750781
-0.773678
-0.796158
-0.818068
-0.839235
-0.859461
-0.878525
-0.896191
-0.912206
-0.926313
-0.938257
-0.947804
-0.954748
-0.958932
-0.960254
-0.958681
-0.954246
-0.947049
-0.937249
-0.925051
-0.910689
-0.894416
-0.876491
-0.857164
-0.836674
-0.81524
-0.793058
-0.770303
-0.747128
-0.723661
-0.700014
-0.676279
-0.652533
-0.628838
-0.605245
-0.581795
-0.558519
-0.53544
-0.512576
-0.48994
-0.467537
-0.445371
-0.423443
-0.40175
-0.380286
-0.359044
-0.338016
-0.317191
-0.296558
-0.276104
-0.255816
-0.23568
-0.215681
-0.195803
-0.176031
-0.156349
-0.136738
-0.117183
-0.0976652
-0.0781672
-0.0586704
-0.0391564
-0.019606
0
0
-0.0187059
-0.0373598
-0.0559795
-0.0745829
-0.0931873
-0.11181
-0.130467
-0.149175
-0.167951
-0.18681
-0.205766
-0.224836
-0.244033
-0.263371
-0.282862
-0.302521
-0.322357
-0.342382
-0.362604
-0.383033
-0.403674
-0.424533
-0.445612
-0.466911
-0.488428
-0.510156
-0.532086
-0.554201
-0.576483
-0.598904
-0.62143
-0.644017
-0.666613
-0.689154
-0.711561
-0.733743
-0.75559
-0.776977
-0.797759
-0.817771
-0.83683
-0.854734
-0.871268
-0.886208
-0.899326
-0.910401
-0.919229
-0.925636
-0.929487
-0.930698
-0.929239
-0.925139
-0.918483
-0.909405
-0.898079
-0.884708
-0.869514
-0.852723
-0.83456
-0.81524
-0.794963
-0.773914
-0.752255
-0.730132
-0.707671
-0.68498
-0.66215
-0.63926
-0.616373
-0.593541
-0.570808
-0.548208
-0.525767
-0.503505
-0.481436
-0.45957
-0.437914
-0.416468
-0.395234
-0.374207
-0.353382
-0.332753
-0.312311
-0.292045
-0.271945
-0.251999
-0.232194
-0.212516
-0.19295
-0.173483
-0.154098
-0.13478
-0.115512
-0.0962783
-0.0770606
-0.057842
-0.0386045
-0.01933
0
0
-0.0184213
-0.0367907
-0.0551253
-0.073442
-0.0917576
-0.110088
-0.12845
-0.146858
-0.165328
-0.183874
-0.202511
-0.221253
-0.240113
-0.259103
-0.278236
-0.297522
-0.316972
-0.336594
-0.356398
-0.376389
-0.396572
-0.41695
-0.437524
-0.458292
-0.479249
-0.500386
-0.521691
-0.543148
-0.564732
-0.586415
-0.608161
-0.629925
-0.651652
-0.673277
-0.694722
-0.715898
-0.736699
-0.757003
-0.776674
-0.795557
-0.813483
-0.83027
-0.845723
-0.859642
-0.871827
-0.882087
-0.890245
-0.896154
-0.899698
-0.900806
-0.899453
-0.895663
-0.889509
-0.881103
-0.870596
-0.858161
-0.843991
-0.828285
-0.811243
-0.793058
-0.773914
-0.753979
-0.733407
-0.712334
-0.690883
-0.669157
-0.647246
-0.625229
-0.60317
-0.581122
-0.559131
-0.537233
-0.515455
-0.493821
-0.472348
-0.451047
-0.429927
-0.408992
-0.388243
-0.36768
-0.347299
-0.327095
-0.307061
-0.287188
-0.267467
-0.247887
-0.228437
-0.209103
-0.189874
-0.170734
-0.15167
-0.132667
-0.113709
-0.094781
-0.0758659
-0.0569474
-0.0380086
-0.019032
0
0
-0.0181164
-0.0361809
-0.05421
-0.0722198
-0.0902262
-0.108244
-0.12629
-0.144377
-0.16252
-0.180733
-0.19903
-0.217422
-0.235923
-0.254543
-0.273295
-0.292186
-0.311227
-0.330425
-0.349786
-0.369316
-0.389017
-0.408891
-0.428937
-0.44915
-0.469524
-0.490049
-0.510709
-0.531485
-0.552354
-0.573282
-0.594234
-0.615162
-0.636011
-0.656717
-0.677202
-0.697379
-0.717146
-0.736388
-0.754976
-0.772767
-0.789606
-0.805326
-0.819753
-0.832711
-0.844024
-0.853525
-0.861064
-0.866512
-0.869774
-0.870787
-0.869532
-0.866028
-0.860338
-0.852556
-0.84281
-0.831251
-0.818046
-0.803368
-0.787396
-0.770303
-0.752255
-0.733407
-0.713901
-0.693866
-0.673417
-0.652655
-0.631668
-0.610533
-0.589313
-0.568065
-0.546833
-0.525655
-0.504562
-0.483578
-0.462723
-0.44201
-0.421449
-0.401048
-0.38081
-0.360734
-0.34082
-0.321065
-0.301462
-0.282005
-0.262686
-0.243495
-0.224422
-0.205455
-0.186583
-0.167794
-0.149072
-0.130406
-0.111779
-0.0931779
-0.0745866
-0.0559895
-0.0373704
-0.0187128
0
0
-0.017792
-0.0355323
-0.0532365
-0.0709199
-0.0885975
-0.106284
-0.123994
-0.14174
-0.159537
-0.177397
-0.195332
-0.213355
-0.231477
-0.249707
-0.268057
-0.286533
-0.305144
-0.323897
-0.342795
-0.361843
-0.381042
-0.400392
-0.419889
-0.439529
-0.459302
-0.479196
-0.499194
-0.519276
-0.539415
-0.559579
-0.579728
-0.599816
-0.619787
-0.639577
-0.659112
-0.678306
-0.697062
-0.715271
-0.732812
-0.749554
-0.765354
-0.780063
-0.793525
-0.805584
-0.816085
-0.824884
-0.831851
-0.836877
-0.83988
-0.840807
-0.839642
-0.836401
-0.831136
-0.823929
-0.814889
-0.804146
-0.791844
-0.778136
-0.763179
-0.747128
-0.730132
-0.712334
-0.693866
-0.674846
-0.655385
-0.635578
-0.615511
-0.595258
-0.574883
-0.554441
-0.533979
-0.513536
-0.493142
-0.472826
-0.452606
-0.4325
-0.412519
-0.392672
-0.372964
-0.353397
-0.333971
-0.314685
-0.295535
-0.276515
-0.257618
-0.238837
-0.220163
-0.201584
-0.183091
-0.164671
-0.146313
-0.128003
-0.109728
-0.0914742
-0.0732268
-0.0549711
-0.0366919
-0.0183735
0
0
-0.017449
-0.0348465
-0.0522073
-0.0695458
-0.0868763
-0.104212
-0.121567
-0.138955
-0.156386
-0.173874
-0.191431
-0.209065
-0.226789
-0.244611
-0.262539
-0.280582
-0.298745
-0.317033
-0.33545
-0.353998
-0.372678
-0.391486
-0.410419
-0.429469
-0.448626
-0.467876
-0.487201
-0.506578
-0.52598
-0.545374
-0.564719
-0.583969
-0.603068
-0.621954
-0.640555
-0.658787
-0.67656
-0.69377
-0.710306
-0.726047
-0.740863
-0.754619
-0.767176
-0.778396
-0.788145
-0.796296
-0.802738
-0.807377
-0.810143
-0.810992
-0.809909
-0.806908
-0.802034
-0.795357
-0.786969
-0.776982
-0.765522
-0.752723
-0.738723
-0.723661
-0.707671
-0.690883
-0.673417
-0.655385
-0.636889
-0.618021
-0.598863
-0.579487
-0.559955
-0.540322
-0.520635
-0.500934
-0.481251
-0.461613
-0.442043
-0.422559
-0.403173
-0.383897
-0.364737
-0.345696
-0.326777
-0.30798
-0.289301
-0.270737
-0.252283
-0.233931
-0.215673
-0.197502
-0.179406
-0.161376
-0.1434
-0.125466
-0.107562
-0.0896747
-0.0717904
-0.0538952
-0.035975
-0.0180149
0
0
-0.0170884
-0.0341255
-0.0511253
-0.0681014
-0.0850671
-0.102035
-0.119019
-0.136029
-0.153078
-0.170177
-0.187336
-0.204565
-0.221874
-0.23927
-0.25676
-0.274352
-0.29205
-0.309857
-0.327777
-0.34581
-0.363955
-0.382207
-0.400562
-0.419011
-0.437541
-0.456137
-0.474781
-0.493448
-0.512111
-0.530734
-0.549278
-0.567697
-0.585936
-0.603934
-0.621621
-0.63892
-0.655742
-0.671993
-0.687568
-0.702357
-0.716243
-0.729104
-0.740816
-0.751257
-0.760309
-0.767864
-0.773824
-0.778109
-0.780659
-0.781437
-0.780429
-0.777649
-0.773133
-0.766942
-0.759154
-0.749868
-0.739191
-0.727242
-0.714142
-0.700014
-0.68498
-0.669157
-0.652655
-0.635578
-0.618021
-0.600071
-0.581806
-0.563296
-0.5446
-0.525773
-0.506862
-0.487906
-0.468938
-0.449988
-0.431077
-0.412226
-0.393449
-0.374757
-0.356159
-0.337661
-0.319265
-0.300972
-0.282782
-0.264691
-0.246696
-0.22879
-0.210968
-0.193221
-0.175541
-0.157919
-0.140343
-0.122803
-0.105288
-0.0877846
-0.0702814
-0.0527649
-0.0352218
-0.0176382
0
0
-0.0167111
-0.0333712
-0.0499934
-0.0665905
-0.0831749
-0.0997587
-0.116354
-0.132971
-0.149621
-0.166314
-0.18306
-0.199868
-0.216745
-0.233699
-0.250737
-0.267862
-0.28508
-0.302393
-0.319802
-0.337307
-0.354904
-0.372589
-0.390355
-0.408193
-0.426088
-0.444025
-0.461984
-0.47994
-0.497863
-0.51572
-0.533471
-0.55107
-0.568465
-0.585595
-0.602394
-0.618788
-0.634696
-0.650028
-0.664689
-0.678577
-0.691587
-0.703609
-0.714533
-0.724252
-0.732661
-0.739667
-0.745186
-0.749147
-0.7515
-0.752213
-0.751275
-0.748696
-0.744508
-0.738763
-0.731529
-0.722889
-0.71294
-0.701783
-0.689526
-0.676279
-0.66215
-0.647246
-0.631668
-0.615511
-0.598863
-0.581806
-0.564415
-0.546754
-0.528884
-0.510856
-0.492716
-0.474505
-0.456255
-0.437996
-0.419751
-0.401541
-0.383381
-0.365285
-0.347262
-0.329318
-0.311458
-0.293684
-0.275997
-0.258395
-0.240874
-0.223432
-0.206061
-0.188755
-0.171507
-0.154308
-0.137149
-0.12002
-0.102911
-0.0858091
-0.068704
-0.0515832
-0.0344343
-0.0172443
0
0
-0.0163181
-0.0325854
-0.0488143
-0.0650167
-0.0812043
-0.0973882
-0.113579
-0.129788
-0.146024
-0.162297
-0.178615
-0.194986
-0.211418
-0.227916
-0.244486
-0.261133
-0.277858
-0.294663
-0.311549
-0.328514
-0.345554
-0.362663
-0.379833
-0.397053
-0.414308
-0.431583
-0.448856
-0.466101
-0.483291
-0.500389
-0.517358
-0.534152
-0.55072
-0.567006
-0.582945
-0.598468
-0.613498
-0.627953
-0.641746
-0.654784
-0.66697
-0.678208
-0.688399
-0.697448
-0.705264
-0.711765
-0.716878
-0.720544
-0.722718
-0.723372
-0.722497
-0.720102
-0.716215
-0.710879
-0.704155
-0.696113
-0.686838
-0.676419
-0.664951
-0.652533
-0.63926
-0.625229
-0.610533
-0.595258
-0.579487
-0.563296
-0.546754
-0.529925
-0.512865
-0.495626
-0.478251
-0.46078
-0.443246
-0.425679
-0.408104
-0.39054
-0.373005
-0.355513
-0.338073
-0.320694
-0.303382
-0.28614
-0.268968
-0.251868
-0.234836
-0.21787
-0.200965
-0.184115
-0.167315
-0.150555
-0.133829
-0.117126
-0.100438
-0.0837533
-0.0670622
-0.0503531
-0.0336145
-0.0168342
0
0
-0.0159102
-0.03177
-0.0475909
-0.0633839
-0.07916
-0.0949296
-0.110703
-0.126488
-0.142296
-0.158135
-0.174011
-0.189933
-0.205906
-0.221935
-0.238026
-0.254181
-0.270402
-0.286689
-0.303043
-0.319459
-0.335933
-0.352459
-0.369027
-0.385625
-0.402239
-0.418852
-0.43544
-0.45198
-0.468442
-0.484793
-0.500993
-0.516999
-0.532762
-0.548228
-0.563337
-0.578022
-0.592213
-0.605834
-0.618804
-0.63104
-0.642453
-0.652958
-0.662467
-0.670895
-0.678164
-0.684201
-0.688942
-0.692337
-0.694346
-0.694947
-0.69413
-0.691904
-0.688293
-0.683334
-0.677079
-0.66959
-0.66094
-0.651209
-0.640479
-0.628838
-0.616373
-0.60317
-0.589313
-0.574883
-0.559955
-0.5446
-0.528884
-0.512865
-0.496599
-0.480135
-0.463514
-0.446777
-0.429955
-0.413079
-0.396173
-0.379259
-0.362352
-0.345469
-0.328621
-0.311816
-0.295061
-0.278359
-0.261715
-0.245128
-0.228597
-0.212121
-0.195695
-0.179314
-0.162975
-0.146668
-0.130389
-0.114127
-0.0978745
-0.0816222
-0.0653601
-0.0490777
-0.0327644
-0.016409
0
0
-0.0154884
-0.0309268
-0.0463258
-0.0616958
-0.0770468
-0.0923885
-0.10773
-0.12308
-0.138447
-0.153838
-0.16926
-0.184719
-0.200222
-0.215771
-0.231372
-0.247025
-0.262732
-0.278493
-0.294305
-0.310165
-0.326068
-0.342006
-0.357968
-0.373944
-0.389916
-0.405868
-0.421777
-0.437618
-0.453362
-0.468977
-0.484424
-0.499662
-0.514643
-0.529316
-0.543624
-0.557506
-0.570896
-0.583724
-0.595916
-0.607395
-0.618084
-0.627904
-0.636779
-0.644632
-0.651395
-0.657004
-0.661404
-0.66455
-0.666409
-0.666961
-0.666198
-0.664128
-0.66077
-0.656157
-0.650335
-0.643357
-0.635288
-0.626196
-0.616156
-0.605245
-0.593541
-0.581122
-0.568065
-0.554441
-0.540322
-0.525773
-0.510856
-0.495626
-0.480135
-0.464429
-0.448551
-0.432538
-0.416422
-0.400233
-0.383995
-0.367729
-0.351454
-0.335184
-0.318932
-0.302707
-0.286516
-0.270365
-0.254256
-0.238193
-0.222174
-0.206198
-0.190263
-0.174364
-0.158498
-0.142658
-0.126838
-0.11103
-0.0952275
-0.0794209
-0.0636016
-0.0477599
-0.031886
-0.0159696
0
0
-0.0150536
-0.0300576
-0.0450219
-0.059956
-0.0748692
-0.0897704
-0.104668
-0.11957
-0.134483
-0.149415
-0.164372
-0.179359
-0.19438
-0.209439
-0.22454
-0.239682
-0.254867
-0.270093
-0.285358
-0.300657
-0.315984
-0.331331
-0.346687
-0.362039
-0.377372
-0.392667
-0.407902
-0.423053
-0.438091
-0.452984
-0.467696
-0.482185
-0.496408
-0.510316
-0.523855
-0.536967
-0.549593
-0.561668
-0.573123
-0.583891
-0.593901
-0.603081
-0.611365
-0.618685
-0.62498
-0.630194
-0.63428
-0.637198
-0.63892
-0.639427
-0.638714
-0.636787
-0.633662
-0.629369
-0.623946
-0.617442
-0.609912
-0.601416
-0.592021
-0.581795
-0.570808
-0.559131
-0.546833
-0.533979
-0.520635
-0.506862
-0.492716
-0.478251
-0.463514
-0.448551
-0.433402
-0.418102
-0.402683
-0.387175
-0.371601
-0.355983
-0.340338
-0.324684
-0.309031
-0.29339
-0.27777
-0.262175
-0.246611
-0.231079
-0.215581
-0.200116
-0.184682
-0.169276
-0.153894
-0.138532
-0.123184
-0.107843
-0.0925024
-0.0771543
-0.0617907
-0.0464026
-0.0309812
-0.0155169
0
0
-0.0146066
-0.0291641
-0.0436817
-0.058168
-0.0726317
-0.0870808
-0.101523
-0.115965
-0.130415
-0.144877
-0.159358
-0.173862
-0.188392
-0.202953
-0.217545
-0.232169
-0.246825
-0.261511
-0.276223
-0.290957
-0.305705
-0.320459
-0.335209
-0.349939
-0.364636
-0.37928
-0.39385
-0.408321
-0.422665
-0.436852
-0.450846
-0.464609
-0.478098
-0.491267
-0.504067
-0.516444
-0.528342
-0.539701
-0.550461
-0.560559
-0.569931
-0.578514
-0.586247
-0.593072
-0.598933
-0.603783
-0.60758
-0.610288
-0.611883
-0.61235
-0.611683
-0.609887
-0.606978
-0.60298
-0.597928
-0.591862
-0.584833
-0.576893
-0.568101
-0.558519
-0.548208
-0.537233
-0.525655
-0.513536
-0.500934
-0.487906
-0.474505
-0.46078
-0.446777
-0.432538
-0.418102
-0.403503
-0.388772
-0.373937
-0.359021
-0.344047
-0.329033
-0.313993
-0.298941
-0.283888
-0.268842
-0.25381
-0.238796
-0.223803
-0.208834
-0.193888
-0.178964
-0.164061
-0.149174
-0.134301
-0.119435
-0.104572
-0.089705
-0.0748272
-0.059931
-0.0450087
-0.0300519
-0.015052
0
0
-0.0141484
-0.0282482
-0.0423078
-0.0563353
-0.0703385
-0.0843247
-0.0983009
-0.112274
-0.126249
-0.140232
-0.154228
-0.16824
-0.182272
-0.196325
-0.210401
-0.224501
-0.238622
-0.252763
-0.266919
-0.281085
-0.295253
-0.309415
-0.323559
-0.337671
-0.351737
-0.365736
-0.379649
-0.393452
-0.407116
-0.420613
-0.433908
-0.446966
-0.459745
-0.472204
-0.484294
-0.495968
-0.507172
-0.517854
-0.527956
-0.537422
-0.546196
-0.55422
-0.56144
-0.567803
-0.573263
-0.577776
-0.581305
-0.58382
-0.585299
-0.585728
-0.585104
-0.58343
-0.58072
-0.576996
-0.572286
-0.566628
-0.560065
-0.552645
-0.544418
-0.53544
-0.525767
-0.515455
-0.504562
-0.493142
-0.481251
-0.468938
-0.456255
-0.443246
-0.429955
-0.416422
-0.402683
-0.388772
-0.374717
-0.360547
-0.346284
-0.331949
-0.317561
-0.303136
-0.288685
-0.274221
-0.259753
-0.245287
-0.230828
-0.216381
-0.201947
-0.187527
-0.173122
-0.15873
-0.144347
-0.129972
-0.115599
-0.101224
-0.0868409
-0.072444
-0.0580264
-0.0435809
-0.0291
-0.0145758
0
0
-0.0136797
-0.0273114
-0.0409027
-0.0544611
-0.0679937
-0.0815071
-0.0950078
-0.108501
-0.121994
-0.135489
-0.148991
-0.162503
-0.176029
-0.189569
-0.203123
-0.216693
-0.230275
-0.243867
-0.257464
-0.27106
-0.284649
-0.298219
-0.31176
-0.325259
-0.338699
-0.352062
-0.365328
-0.378474
-0.391473
-0.404296
-0.416912
-0.429286
-0.44138
-0.453154
-0.464564
-0.475566
-0.48611
-0.496147
-0.505628
-0.514499
-0.52271
-0.53021
-0.53695
-0.542885
-0.547971
-0.552171
-0.555452
-0.557789
-0.559161
-0.559556
-0.558972
-0.557411
-0.554886
-0.551414
-0.547024
-0.541745
-0.535618
-0.528682
-0.520986
-0.512576
-0.503505
-0.493821
-0.483578
-0.472826
-0.461613
-0.449988
-0.437996
-0.425679
-0.413079
-0.400233
-0.387175
-0.373937
-0.360547
-0.347031
-0.333412
-0.319712
-0.305947
-0.292133
-0.278283
-0.264409
-0.250519
-0.236622
-0.222722
-0.208825
-0.194932
-0.181046
-0.167166
-0.153292
-0.139422
-0.125553
-0.111682
-0.0978044
-0.0839153
-0.0700092
-0.0560801
-0.0421217
-0.0281271
-0.014089
0
0
-0.0132013
-0.0263552
-0.0394687
-0.0525486
-0.0656013
-0.0786329
-0.0916491
-0.104655
-0.117656
-0.130655
-0.143656
-0.156662
-0.169675
-0.182695
-0.195723
-0.208758
-0.221797
-0.234838
-0.247875
-0.260901
-0.27391
-0.286891
-0.299833
-0.312723
-0.325544
-0.33828
-0.35091
-0.363411
-0.375759
-0.387926
-0.399882
-0.411594
-0.423026
-0.434141
-0.444899
-0.455258
-0.465173
-0.474599
-0.483491
-0.4918
-0.499482
-0.506491
-0.512783
-0.518317
-0.523055
-0.526964
-0.530016
-0.532186
-0.533459
-0.533824
-0.533277
-0.531821
-0.529467
-0.526232
-0.522138
-0.517214
-0.511493
-0.505012
-0.497814
-0.48994
-0.481436
-0.472348
-0.462723
-0.452606
-0.442043
-0.431077
-0.419751
-0.408104
-0.396173
-0.383995
-0.371601
-0.359021
-0.346284
-0.333412
-0.32043
-0.307357
-0.294209
-0.281004
-0.267753
-0.254468
-0.241158
-0.227831
-0.214494
-0.20115
-0.187803
-0.174456
-0.161107
-0.147758
-0.134408
-0.121053
-0.107692
-0.0943198
-0.0809331
-0.0675269
-0.0540957
-0.0406337
-0.0271349
-0.0135925
0
0
-0.012714
-0.0253812
-0.0380081
-0.0506007
-0.063165
-0.0757064
-0.08823
-0.100741
-0.113242
-0.125738
-0.138232
-0.150725
-0.16322
-0.175716
-0.188213
-0.20071
-0.213204
-0.225691
-0.238167
-0.250624
-0.263055
-0.27545
-0.287797
-0.300084
-0.312294
-0.324411
-0.336416
-0.348286
-0.359998
-0.371525
-0.38284
-0.39391
-0.404704
-0.415185
-0.425317
-0.435061
-0.444376
-0.453221
-0.461555
-0.469334
-0.476517
-0.483064
-0.488936
-0.494095
-0.498509
-0.502147
-0.504985
-0.507002
-0.508183
-0.508518
-0.508006
-0.506649
-0.504455
-0.501439
-0.497623
-0.493029
-0.48769
-0.481636
-0.474906
-0.467537
-0.45957
-0.451047
-0.44201
-0.4325
-0.422559
-0.412226
-0.401541
-0.39054
-0.379259
-0.367729
-0.355983
-0.344047
-0.331949
-0.319712
-0.307357
-0.294903
-0.282368
-0.269766
-0.257111
-0.244414
-0.231684
-0.218929
-0.206156
-0.193369
-0.180571
-0.167766
-0.154955
-0.142137
-0.129312
-0.116478
-0.103634
-0.0907754
-0.0778992
-0.065001
-0.0520761
-0.0391193
-0.0261249
-0.0130872
0
0
-0.0122184
-0.0243908
-0.0365229
-0.0486203
-0.0606883
-0.0727319
-0.0847556
-0.0967637
-0.10876
-0.120746
-0.132727
-0.144702
-0.156673
-0.168641
-0.180603
-0.19256
-0.204506
-0.21644
-0.228354
-0.240243
-0.252098
-0.26391
-0.275668
-0.287358
-0.298965
-0.310474
-0.321864
-0.333116
-0.344207
-0.355111
-0.365803
-0.376252
-0.386429
-0.3963
-0.405831
-0.414987
-0.423729
-0.432022
-0.439826
-0.447103
-0.453816
-0.459928
-0.465405
-0.470213
-0.474323
-0.477708
-0.480347
-0.48222
-0.483316
-0.483625
-0.483146
-0.48188
-0.479836
-0.477026
-0.473469
-0.469186
-0.464204
-0.458552
-0.452263
-0.445371
-0.437914
-0.429927
-0.421449
-0.412519
-0.403173
-0.393449
-0.383381
-0.373005
-0.362352
-0.351454
-0.340338
-0.329033
-0.317561
-0.305947
-0.294209
-0.282368
-0.270439
-0.258437
-0.246374
-0.234263
-0.222112
-0.209928
-0.19772
-0.185492
-0.173247
-0.160988
-0.148718
-0.136436
-0.124142
-0.111836
-0.0995148
-0.0871766
-0.074818
-0.0624353
-0.0500244
-0.0375805
-0.0250987
-0.0125737
0
0
-0.0117153
-0.0233852
-0.035015
-0.0466099
-0.0581745
-0.0697133
-0.0812305
-0.0927296
-0.104214
-0.115686
-0.127147
-0.1386
-0.150044
-0.161479
-0.172905
-0.184318
-0.195716
-0.207095
-0.218449
-0.229772
-0.241055
-0.252288
-0.263461
-0.274561
-0.285574
-0.296483
-0.307271
-0.317917
-0.328401
-0.338699
-0.348786
-0.358634
-0.368214
-0.377498
-0.386452
-0.395044
-0.40324
-0.411006
-0.418307
-0.425108
-0.431376
-0.437078
-0.442183
-0.446661
-0.450486
-0.453634
-0.456087
-0.457827
-0.458843
-0.459128
-0.458679
-0.4575
-0.455596
-0.452979
-0.449665
-0.445674
-0.441028
-0.435755
-0.429883
-0.423443
-0.416468
-0.408992
-0.401048
-0.392672
-0.383897
-0.374757
-0.365285
-0.355513
-0.345469
-0.335184
-0.324684
-0.313993
-0.303136
-0.292133
-0.281004
-0.269766
-0.258437
-0.247029
-0.235555
-0.224027
-0.212453
-0.200841
-0.189198
-0.17753
-0.165839
-0.15413
-0.142405
-0.130663
-0.118905
-0.107132
-0.0953398
-0.083528
-0.0716936
-0.0598332
-0.0479432
-0.0360195
-0.0240576
-0.0120528
0
0
-0.0112052
-0.0223657
-0.0334865
-0.044572
-0.0556266
-0.0666543
-0.0776588
-0.0886432
-0.0996102
-0.110562
-0.121501
-0.132426
-0.14334
-0.15424
-0.165126
-0.175995
-0.186845
-0.197669
-0.208464
-0.219222
-0.229936
-0.240595
-0.251189
-0.261707
-0.272133
-0.282453
-0.292649
-0.302703
-0.312594
-0.322301
-0.3318
-0.341065
-0.35007
-0.358786
-0.367186
-0.375237
-0.382911
-0.390174
-0.396996
-0.403346
-0.409193
-0.414507
-0.419261
-0.423428
-0.426985
-0.429911
-0.432189
-0.433804
-0.434746
-0.435008
-0.434589
-0.43349
-0.431718
-0.429283
-0.426198
-0.422482
-0.418154
-0.413239
-0.407761
-0.40175
-0.395234
-0.388243
-0.38081
-0.372964
-0.364737
-0.356159
-0.347262
-0.338073
-0.328621
-0.318932
-0.309031
-0.298941
-0.288685
-0.278283
-0.267753
-0.257111
-0.246374
-0.235555
-0.224666
-0.213717
-0.202718
-0.191677
-0.1806
-0.169492
-0.158358
-0.147201
-0.136023
-0.124825
-0.113608
-0.102371
-0.0911139
-0.0798342
-0.0685297
-0.0571978
-0.0458352
-0.0344383
-0.023003
-0.011525
0
0
-0.0106886
-0.0213334
-0.0319388
-0.0425089
-0.0530475
-0.0635583
-0.0740445
-0.084509
-0.094954
-0.105381
-0.115793
-0.126188
-0.136568
-0.146931
-0.157276
-0.1676
-0.1779
-0.188171
-0.198409
-0.208605
-0.218753
-0.228843
-0.238864
-0.248806
-0.258654
-0.268394
-0.278009
-0.287483
-0.296796
-0.305927
-0.314854
-0.323554
-0.332002
-0.340172
-0.348037
-0.35557
-0.362743
-0.369526
-0.375892
-0.381812
-0.387258
-0.392205
-0.396627
-0.400501
-0.403806
-0.406523
-0.408636
-0.410133
-0.411006
-0.411247
-0.410856
-0.409834
-0.408186
-0.405922
-0.403053
-0.399596
-0.395569
-0.390993
-0.38589
-0.380286
-0.374207
-0.36768
-0.360734
-0.353397
-0.345696
-0.337661
-0.329318
-0.320694
-0.311816
-0.302707
-0.29339
-0.283888
-0.274221
-0.264409
-0.254468
-0.244414
-0.234263
-0.224027
-0.213717
-0.203345
-0.192919
-0.182446
-0.171934
-0.161388
-0.150811
-0.140208
-0.12958
-0.118929
-0.108256
-0.0975604
-0.086842
-0.0760992
-0.06533
-0.0545321
-0.0437027
-0.0328384
-0.0219358
-0.010991
0
0
-0.0101662
-0.0202894
-0.0303736
-0.0404225
-0.0504397
-0.0604283
-0.0703913
-0.0803311
-0.0902497
-0.100149
-0.110029
-0.119891
-0.129735
-0.139559
-0.149361
-0.15914
-0.168891
-0.17861
-0.188292
-0.197929
-0.207515
-0.21704
-0.226495
-0.235868
-0.245146
-0.254316
-0.263362
-0.272268
-0.281015
-0.289585
-0.297956
-0.306107
-0.314016
-0.321658
-0.329009
-0.336043
-0.342735
-0.349058
-0.354988
-0.360498
-0.365564
-0.370162
-0.37427
-0.377866
-0.380932
-0.383451
-0.38541
-0.386797
-0.387603
-0.387825
-0.387461
-0.386511
-0.384981
-0.382879
-0.380215
-0.377004
-0.373262
-0.369007
-0.36426
-0.359044
-0.353382
-0.347299
-0.34082
-0.333971
-0.326777
-0.319265
-0.311458
-0.303382
-0.295061
-0.286516
-0.27777
-0.268842
-0.259753
-0.250519
-0.241158
-0.231684
-0.222112
-0.212453
-0.202718
-0.192919
-0.183063
-0.173157
-0.163209
-0.153224
-0.143205
-0.133157
-0.123081
-0.11298
-0.102854
-0.0927036
-0.0825281
-0.0723266
-0.0620975
-0.0518387
-0.0415477
-0.0312216
-0.0208573
-0.0104513
0
0
-0.00963832
-0.0192345
-0.0287922
-0.0383148
-0.0478055
-0.0572671
-0.0667023
-0.0761132
-0.0855015
-0.0948686
-0.104215
-0.113541
-0.122847
-0.13213
-0.141389
-0.150622
-0.159825
-0.168993
-0.178121
-0.187203
-0.19623
-0.205196
-0.21409
-0.222901
-0.231618
-0.240227
-0.248714
-0.257062
-0.265257
-0.273279
-0.281109
-0.288728
-0.296113
-0.303245
-0.310099
-0.316653
-0.322883
-0.328766
-0.334278
-0.339397
-0.3441
-0.348366
-0.352175
-0.355507
-0.358347
-0.360679
-0.362491
-0.363774
-0.364519
-0.364723
-0.364383
-0.363502
-0.362084
-0.360135
-0.357666
-0.354688
-0.351217
-0.347269
-0.342862
-0.338016
-0.332753
-0.327095
-0.321065
-0.314685
-0.30798
-0.300972
-0.293684
-0.28614
-0.278359
-0.270365
-0.262175
-0.25381
-0.245287
-0.236622
-0.227831
-0.218929
-0.209928
-0.200841
-0.191677
-0.182446
-0.173157
-0.163817
-0.154432
-0.145007
-0.135547
-0.126055
-0.116533
-0.106983
-0.0974073
-0.0878049
-0.078176
-0.0685199
-0.0588351
-0.0491199
-0.0393722
-0.0295892
-0.0197683
-0.00990635
0
0
-0.00910544
-0.0181697
-0.0271959
-0.0361874
-0.0451469
-0.0540772
-0.0629804
-0.0718585
-0.0807131
-0.0895451
-0.0983551
-0.107143
-0.115909
-0.12465
-0.133366
-0.142053
-0.150708
-0.159326
-0.167903
-0.176432
-0.184906
-0.193317
-0.201656
-0.209913
-0.218076
-0.226132
-0.23407
-0.241873
-0.249526
-0.257013
-0.264316
-0.271417
-0.278295
-0.284932
-0.291306
-0.297396
-0.303182
-0.308641
-0.313754
-0.318498
-0.322854
-0.326803
-0.330326
-0.333408
-0.336033
-0.338187
-0.339861
-0.341044
-0.341731
-0.341918
-0.341603
-0.340787
-0.339475
-0.337673
-0.335388
-0.332633
-0.32942
-0.325764
-0.321682
-0.317191
-0.312311
-0.307061
-0.301462
-0.295535
-0.289301
-0.282782
-0.275997
-0.268968
-0.261715
-0.254256
-0.246611
-0.238796
-0.230828
-0.222722
-0.214494
-0.206156
-0.19772
-0.189198
-0.1806
-0.171934
-0.163209
-0.154432
-0.145609
-0.136744
-0.127842
-0.118906
-0.109939
-0.100944
-0.0919197
-0.0828682
-0.0737891
-0.0646819
-0.0555453
-0.0463779
-0.0371778
-0.0279426
-0.0186698
-0.00935659
0
0
-0.00856791
-0.0170955
-0.0255859
-0.0340418
-0.0424659
-0.0508607
-0.0592281
-0.06757
-0.0758875
-0.0841817
-0.0924528
-0.100701
-0.108925
-0.117124
-0.125295
-0.133437
-0.141545
-0.149616
-0.157644
-0.165623
-0.173548
-0.181409
-0.189199
-0.196907
-0.204524
-0.212037
-0.219434
-0.226702
-0.233825
-0.24079
-0.247578
-0.254174
-0.26056
-0.266716
-0.272626
-0.278268
-0.283625
-0.288677
-0.293404
-0.297789
-0.301813
-0.305458
-0.30871
-0.311552
-0.313972
-0.315957
-0.317498
-0.318588
-0.31922
-0.319391
-0.319099
-0.318346
-0.317135
-0.315472
-0.313364
-0.310822
-0.307856
-0.30448
-0.300709
-0.296558
-0.292045
-0.287188
-0.282005
-0.276515
-0.270737
-0.264691
-0.258395
-0.251868
-0.245128
-0.238193
-0.231079
-0.223803
-0.216381
-0.208825
-0.20115
-0.193369
-0.185492
-0.17753
-0.169492
-0.161388
-0.153224
-0.145007
-0.136744
-0.128438
-0.120094
-0.111716
-0.103305
-0.0948645
-0.0863948
-0.0778967
-0.0693703
-0.0608151
-0.0522303
-0.0436145
-0.034966
-0.0262828
-0.0175624
-0.00880238
0
0
-0.00802605
-0.0160127
-0.0239629
-0.0318792
-0.039764
-0.0476195
-0.0554477
-0.0632501
-0.0710278
-0.0787815
-0.0865116
-0.0942178
-0.101899
-0.109555
-0.117182
-0.124779
-0.132341
-0.139866
-0.147348
-0.154781
-0.162159
-0.169475
-0.176721
-0.183888
-0.190966
-0.197943
-0.204809
-0.211551
-0.218155
-0.224608
-0.230894
-0.236998
-0.242904
-0.248595
-0.254053
-0.259262
-0.264205
-0.268863
-0.27322
-0.277258
-0.280963
-0.284317
-0.287308
-0.289921
-0.292145
-0.293969
-0.295384
-0.296384
-0.296963
-0.297119
-0.29685
-0.296157
-0.295044
-0.293514
-0.291575
-0.289237
-0.286507
-0.2834
-0.279928
-0.276104
-0.271945
-0.267467
-0.262686
-0.257618
-0.252283
-0.246696
-0.240874
-0.234836
-0.228597
-0.222174
-0.215581
-0.208834
-0.201947
-0.194932
-0.187803
-0.180571
-0.173247
-0.165839
-0.158358
-0.150811
-0.143205
-0.135547
-0.127842
-0.120094
-0.112308
-0.104487
-0.0966337
-0.0887494
-0.0808356
-0.0728931
-0.0649219
-0.0569218
-0.048892
-0.0408313
-0.0327382
-0.0246107
-0.0164468
-0.00824406
0
0
-0.00748011
-0.0149219
-0.0223279
-0.0297006
-0.0370424
-0.0443553
-0.051641
-0.0589009
-0.0661361
-0.0733472
-0.0805343
-0.0876972
-0.0948351
-0.101947
-0.10903
-0.116082
-0.1231
-0.13008
-0.137018
-0.143908
-0.150744
-0.15752
-0.164227
-0.170858
-0.177404
-0.183853
-0.190196
-0.196421
-0.202516
-0.208468
-0.214262
-0.219886
-0.225324
-0.230561
-0.235582
-0.24037
-0.244911
-0.249189
-0.253188
-0.256893
-0.260289
-0.263364
-0.266104
-0.268497
-0.270533
-0.272202
-0.273497
-0.274412
-0.274941
-0.275082
-0.274835
-0.2742
-0.27318
-0.271778
-0.270002
-0.267859
-0.265358
-0.262509
-0.259324
-0.255816
-0.251999
-0.247887
-0.243495
-0.238837
-0.233931
-0.22879
-0.223432
-0.21787
-0.212121
-0.206198
-0.200116
-0.193888
-0.187527
-0.181046
-0.174456
-0.167766
-0.160988
-0.15413
-0.147201
-0.140208
-0.133157
-0.126055
-0.118906
-0.111716
-0.104487
-0.0972239
-0.0899278
-0.082601
-0.0752447
-0.0678597
-0.0604461
-0.0530037
-0.0455319
-0.0380295
-0.0304952
-0.0229272
-0.0153235
-0.00768187
0
0
-0.00693032
-0.0138233
-0.0206814
-0.027507
-0.0343023
-0.0410693
-0.0478095
-0.0545242
-0.0612145
-0.0678808
-0.0745233
-0.0811416
-0.087735
-0.0943021
-0.100841
-0.10735
-0.113824
-0.120262
-0.126658
-0.133008
-0.139305
-0.145545
-0.151719
-0.157819
-0.163839
-0.169767
-0.175595
-0.181311
-0.186906
-0.192366
-0.197679
-0.202833
-0.207814
-0.212609
-0.217203
-0.221583
-0.225734
-0.229643
-0.233295
-0.236678
-0.239777
-0.242582
-0.245081
-0.247262
-0.249117
-0.250638
-0.251817
-0.252649
-0.253131
-0.253259
-0.253033
-0.252453
-0.251523
-0.250245
-0.248625
-0.24667
-0.244389
-0.241789
-0.238883
-0.23568
-0.232194
-0.228437
-0.224422
-0.220163
-0.215673
-0.210968
-0.206061
-0.200965
-0.195695
-0.190263
-0.184682
-0.178964
-0.173122
-0.167166
-0.161107
-0.154955
-0.148718
-0.142405
-0.136023
-0.12958
-0.123081
-0.116533
-0.109939
-0.103305
-0.0966337
-0.0899278
-0.0831898
-0.0764215
-0.0696241
-0.0627984
-0.0559445
-0.0490624
-0.0421513
-0.0352103
-0.028238
-0.0212328
-0.0141929
-0.00711603
0
0
-0.00637684
-0.0127173
-0.019024
-0.025299
-0.0315446
-0.0377625
-0.0439544
-0.0501214
-0.0562644
-0.0623841
-0.0684803
-0.0745529
-0.0806011
-0.0866235
-0.0926184
-0.0985836
-0.104516
-0.110413
-0.116269
-0.122082
-0.127844
-0.133551
-0.139196
-0.144772
-0.150271
-0.155684
-0.161004
-0.16622
-0.171322
-0.176299
-0.18114
-0.185834
-0.190368
-0.194731
-0.198909
-0.202891
-0.206663
-0.210213
-0.213529
-0.216599
-0.219411
-0.221954
-0.224219
-0.226196
-0.227877
-0.229255
-0.230322
-0.231076
-0.231511
-0.231626
-0.231421
-0.230895
-0.230052
-0.228893
-0.227425
-0.225652
-0.223583
-0.221225
-0.218588
-0.215681
-0.212516
-0.209103
-0.205455
-0.201584
-0.197502
-0.193221
-0.188755
-0.184115
-0.179314
-0.174364
-0.169276
-0.164061
-0.15873
-0.153292
-0.147758
-0.142137
-0.136436
-0.130663
-0.124825
-0.118929
-0.11298
-0.106983
-0.100944
-0.0948645
-0.0887494
-0.082601
-0.0764215
-0.0702126
-0.0639754
-0.0577106
-0.0514185
-0.0450988
-0.0387511
-0.0323743
-0.0259671
-0.0195281
-0.0130553
-0.00654667
0
0
-0.00581977
-0.0116043
-0.0173559
-0.0230771
-0.0287697
-0.0344357
-0.0400765
-0.0456933
-0.0512871
-0.0568582
-0.0624068
-0.0679325
-0.0734347
-0.0789121
-0.0843631
-0.0897856
-0.095177
-0.100534
-0.105853
-0.11113
-0.116361
-0.121539
-0.126659
-0.131715
-0.136699
-0.141604
-0.146421
-0.151143
-0.15576
-0.160262
-0.16464
-0.168882
-0.172978
-0.176918
-0.18069
-0.184283
-0.187685
-0.190886
-0.193875
-0.19664
-0.199173
-0.201463
-0.203502
-0.205281
-0.206794
-0.208032
-0.208992
-0.209669
-0.210061
-0.210164
-0.209978
-0.209505
-0.208745
-0.207703
-0.206381
-0.204785
-0.202922
-0.200798
-0.198423
-0.195803
-0.19295
-0.189874
-0.186583
-0.183091
-0.179406
-0.175541
-0.171507
-0.167315
-0.162975
-0.158498
-0.153894
-0.149174
-0.144347
-0.139422
-0.134408
-0.129312
-0.124142
-0.118905
-0.113608
-0.108256
-0.102854
-0.0974073
-0.0919197
-0.0863948
-0.0808356
-0.0752447
-0.0696241
-0.0639754
-0.0582995
-0.0525972
-0.0468687
-0.0411138
-0.0353319
-0.0295221
-0.0236831
-0.0178133
-0.0119109
-0.0059739
0
0
-0.00525915
-0.0104842
-0.0156775
-0.0208414
-0.0259781
-0.0310892
-0.0361764
-0.0412408
-0.0462832
-0.0513041
-0.0563036
-0.0612814
-0.0662369
-0.071169
-0.0760762
-0.0809565
-0.0858076
-0.0906266
-0.0954102
-0.100155
-0.104856
-0.109508
-0.114107
-0.118647
-0.123121
-0.127522
-0.131844
-0.136078
-0.140216
-0.14425
-0.148171
-0.15197
-0.155636
-0.159161
-0.162535
-0.165747
-0.168788
-0.171648
-0.174317
-0.176787
-0.179048
-0.181092
-0.182911
-0.184497
-0.185846
-0.18695
-0.187806
-0.188409
-0.188757
-0.188849
-0.188683
-0.188261
-0.187583
-0.186653
-0.185473
-0.184049
-0.182387
-0.180491
-0.17837
-0.176031
-0.173483
-0.170734
-0.167794
-0.164671
-0.161376
-0.157919
-0.154308
-0.150555
-0.146668
-0.142658
-0.138532
-0.134301
-0.129972
-0.125553
-0.121053
-0.116478
-0.111836
-0.107132
-0.102371
-0.0975604
-0.0927036
-0.0878049
-0.0828682
-0.0778967
-0.0728931
-0.0678597
-0.0627984
-0.0577106
-0.0525972
-0.0474589
-0.0422958
-0.0371077
-0.0318941
-0.0266539
-0.0213859
-0.0160885
-0.0107598
-0.00539774
0
0
-0.00469497
-0.00935695
-0.0139885
-0.0185921
-0.0231697
-0.0277233
-0.0322543
-0.036764
-0.0412531
-0.0457221
-0.0501712
-0.0546001
-0.0590082
-0.0633947
-0.067758
-0.0720965
-0.0764081
-0.0806902
-0.0849398
-0.0891535
-0.0933275
-0.0974575
-0.101539
-0.105566
-0.109534
-0.113437
-0.117267
-0.121019
-0.124685
-0.128257
-0.131728
-0.135089
-0.138333
-0.14145
-0.144433
-0.147272
-0.149958
-0.152485
-0.154842
-0.157022
-0.159017
-0.160821
-0.162425
-0.163825
-0.165014
-0.165987
-0.166741
-0.167273
-0.16758
-0.16766
-0.167514
-0.167141
-0.166543
-0.165722
-0.164681
-0.163425
-0.161958
-0.160285
-0.158413
-0.156349
-0.154098
-0.15167
-0.149072
-0.146313
-0.1434
-0.140343
-0.137149
-0.133829
-0.130389
-0.126838
-0.123184
-0.119435
-0.115599
-0.111682
-0.107692
-0.103634
-0.0995148
-0.0953398
-0.0911139
-0.086842
-0.0825281
-0.078176
-0.0737891
-0.0693703
-0.0649219
-0.0604461
-0.0559445
-0.0514185
-0.0468687
-0.0422958
-0.0376999
-0.0330807
-0.0284376
-0.0237696
-0.0190755
-0.0143536
-0.00960186
-0.00481814
0
0
-0.00412713
-0.00822249
-0.0122889
-0.0163288
-0.0203444
-0.0243377
-0.0283101
-0.0322629
-0.0361968
-0.0401123
-0.0440097
-0.0478887
-0.0517488
-0.0555891
-0.0594086
-0.0632056
-0.0669783
-0.0707244
-0.0744413
-0.078126
-0.0817752
-0.085385
-0.0889514
-0.0924698
-0.0959354
-0.0993429
-0.102687
-0.105961
-0.109159
-0.112275
-0.115301
-0.118232
-0.121058
-0.123774
-0.126372
-0.128844
-0.131183
-0.133381
-0.135432
-0.137329
-0.139064
-0.140632
-0.142027
-0.143243
-0.144276
-0.145122
-0.145778
-0.146239
-0.146505
-0.146575
-0.146447
-0.146123
-0.145603
-0.14489
-0.143985
-0.142893
-0.141617
-0.140163
-0.138534
-0.136738
-0.13478
-0.132667
-0.130406
-0.128003
-0.125466
-0.122803
-0.12002
-0.117126
-0.114127
-0.11103
-0.107843
-0.104572
-0.101224
-0.0978044
-0.0943198
-0.0907754
-0.0871766
-0.083528
-0.0798342
-0.0760992
-0.0723266
-0.0685199
-0.0646819
-0.0608151
-0.0569218
-0.0530037
-0.0490624
-0.0450988
-0.0411138
-0.0371077
-0.0330807
-0.0290324
-0.0249622
-0.0208691
-0.0167517
-0.0126083
-0.00843687
-0.00423499
0
0
-0.00355543
-0.00708043
-0.010578
-0.014051
-0.0175017
-0.0209319
-0.0243433
-0.0277371
-0.0311139
-0.0344745
-0.0378188
-0.0411468
-0.0444581
-0.047752
-0.0510274
-0.0542831
-0.0575173
-0.0607282
-0.0639134
-0.0670705
-0.0701965
-0.0732882
-0.0763421
-0.0793543
-0.0823205
-0.0852364
-0.0880971
-0.0908976
-0.0936325
-0.0962963
-0.0988831
-0.101387
-0.103802
-0.106122
-0.10834
-0.11045
-0.112447
-0.114323
-0.116072
-0.11769
-0.11917
-0.120507
-0.121696
-0.122733
-0.123614
-0.124334
-0.124893
-0.125286
-0.125513
-0.125572
-0.125463
-0.125186
-0.124743
-0.124135
-0.123363
-0.122432
-0.121344
-0.120104
-0.118715
-0.117183
-0.115512
-0.113709
-0.111779
-0.109728
-0.107562
-0.105288
-0.102911
-0.100438
-0.0978745
-0.0952275
-0.0925024
-0.089705
-0.0868409
-0.0839153
-0.0809331
-0.0778992
-0.074818
-0.0716936
-0.0685297
-0.06533
-0.0620975
-0.0588351
-0.0555453
-0.0522303
-0.048892
-0.0455319
-0.0421513
-0.0387511
-0.0353319
-0.0318941
-0.0284376
-0.0249622
-0.0214671
-0.0179514
-0.0144137
-0.0108521
-0.00726443
-0.00364805
0
0
-0.00297955
-0.00593016
-0.0088553
-0.0117579
-0.0146406
-0.0175051
-0.0203532
-0.0231858
-0.0260039
-0.0288078
-0.0315979
-0.0343739
-0.0371357
-0.0398825
-0.0426136
-0.0453278
-0.0480238
-0.0506999
-0.0533543
-0.0559848
-0.058589
-0.0611642
-0.0637074
-0.0662155
-0.0686849
-0.0711119
-0.0734925
-0.0758226
-0.0780977
-0.0803131
-0.0824641
-0.0845458
-0.0865531
-0.0884809
-0.0903239
-0.092077
-0.0937351
-0.095293
-0.0967457
-0.0980886
-0.0993169
-0.100426
-0.101413
-0.102273
-0.103004
-0.103602
-0.104065
-0.104391
-0.104579
-0.104628
-0.104537
-0.104308
-0.10394
-0.103435
-0.102795
-0.102022
-0.101119
-0.10009
-0.0989372
-0.0976652
-0.0962783
-0.094781
-0.0931779
-0.0914742
-0.0896747
-0.0877846
-0.0858091
-0.0837533
-0.0816222
-0.0794209
-0.0771543
-0.0748272
-0.072444
-0.0700092
-0.0675269
-0.065001
-0.0624353
-0.0598332
-0.0571978
-0.0545321
-0.0518387
-0.0491199
-0.0463779
-0.0436145
-0.0408313
-0.0380295
-0.0352103
-0.0323743
-0.0295221
-0.0266539
-0.0237696
-0.0208691
-0.0179514
-0.0150158
-0.0120606
-0.00908411
-0.00608388
-0.00305698
0
0
-0.00239898
-0.00477079
-0.00711948
-0.00944832
-0.0117599
-0.0140561
-0.0163385
-0.0186081
-0.0208656
-0.0231115
-0.025346
-0.027569
-0.0297803
-0.0319795
-0.0341658
-0.0363384
-0.0384961
-0.0406377
-0.0427617
-0.0448663
-0.0469496
-0.0490094
-0.0510434
-0.0530489
-0.0550233
-0.0569635
-0.0588663
-0.0607284
-0.0625463
-0.0643163
-0.0660345
-0.0676971
-0.0693
-0.0708392
-0.0723104
-0.0737097
-0.0750329
-0.076276
-0.0774351
-0.0785063
-0.0794861
-0.0803709
-0.0811578
-0.0818437
-0.0824261
-0.0829027
-0.0832717
-0.0835316
-0.0836813
-0.0837202
-0.083648
-0.0834649
-0.0831716
-0.0827691
-0.0822587
-0.0816425
-0.0809225
-0.0801014
-0.0791819
-0.0781672
-0.0770606
-0.0758659
-0.0745866
-0.0732268
-0.0717904
-0.0702814
-0.068704
-0.0670622
-0.0653601
-0.0636016
-0.0617907
-0.059931
-0.0580264
-0.0560801
-0.0540957
-0.0520761
-0.0500244
-0.0479432
-0.0458352
-0.0437027
-0.0415477
-0.0393722
-0.0371778
-0.034966
-0.0327382
-0.0304952
-0.028238
-0.0259671
-0.0236831
-0.0213859
-0.0190755
-0.0167517
-0.0144137
-0.0120606
-0.00969104
-0.00730308
-0.00489423
-0.00246122
0
0
-0.0018129
-0.00360095
-0.00536894
-0.00712042
-0.00885793
-0.0105833
-0.0122978
-0.0140024
-0.0156977
-0.0173841
-0.0190618
-0.0207307
-0.0223908
-0.0240415
-0.0256825
-0.027313
-0.0289323
-0.0305394
-0.032133
-0.033712
-0.0352749
-0.03682
-0.0383455
-0.0398496
-0.0413302
-0.0427849
-0.0442115
-0.0456074
-0.04697
-0.0482965
-0.0495841
-0.0508298
-0.0520307
-0.0531837
-0.0542857
-0.0553337
-0.0563246
-0.0572554
-0.0581231
-0.0589251
-0.0596585
-0.0603208
-0.0609096
-0.0614229
-0.0618587
-0.0622154
-0.0624915
-0.0626859
-0.0627979
-0.062827
-0.0627729
-0.0626359
-0.0624163
-0.0621151
-0.0617331
-0.0612719
-0.060733
-0.0601184
-0.0594301
-0.0586704
-0.057842
-0.0569474
-0.0559895
-0.0549711
-0.0538952
-0.0527649
-0.0515832
-0.0503531
-0.0490777
-0.0477599
-0.0464026
-0.0450087
-0.0435809
-0.0421217
-0.0406337
-0.0391193
-0.0375805
-0.0360195
-0.0344383
-0.0328384
-0.0312216
-0.0295892
-0.0279426
-0.0262828
-0.0246107
-0.0229272
-0.0212328
-0.0195281
-0.0178133
-0.0160885
-0.0143536
-0.0126083
-0.0108521
-0.00908411
-0.00730308
-0.00550723
-0.00369401
-0.00185989
0
0
-0.00121993
-0.00241849
-0.0036013
-0.00477189
-0.00593251
-0.00708463
-0.00822929
-0.00936717
-0.0104987
-0.0116243
-0.0127439
-0.0138577
-0.0149654
-0.0160669
-0.0171618
-0.0182497
-0.0193301
-0.0204022
-0.0214653
-0.0225186
-0.0235611
-0.0245916
-0.0256091
-0.0266122
-0.0275995
-0.0285695
-0.0295207
-0.0304514
-0.0313597
-0.032244
-0.0331022
-0.0339325
-0.0347328
-0.0355012
-0.0362355
-0.0369338
-0.0375939
-0.038214
-0.0387921
-0.0393263
-0.0398148
-0.0402559
-0.0406481
-0.0409899
-0.0412801
-0.0415176
-0.0417014
-0.0418309
-0.0419054
-0.0419248
-0.0418888
-0.0417975
-0.0416513
-0.0414506
-0.0411963
-0.0408891
-0.0405302
-0.0401208
-0.0396624
-0.0391564
-0.0386045
-0.0380086
-0.0373704
-0.0366919
-0.035975
-0.0352218
-0.0344343
-0.0336145
-0.0327644
-0.031886
-0.0309812
-0.0300519
-0.0291
-0.0281271
-0.0271349
-0.0261249
-0.0250987
-0.0240576
-0.023003
-0.0219358
-0.0208573
-0.0197683
-0.0186698
-0.0175624
-0.0164468
-0.0153235
-0.0141929
-0.0130553
-0.0119109
-0.0107598
-0.00960186
-0.00843687
-0.00726443
-0.00608388
-0.00489423
-0.00369401
-0.00248098
-0.00125155
0
0
-0.000617482
-0.00122001
-0.0018132
-0.00239969
-0.00298092
-0.00355778
-0.00413081
-0.00470041
-0.00526682
-0.00583019
-0.00639059
-0.00694803
-0.00750245
-0.00805374
-0.00860173
-0.0091462
-0.00968687
-0.0102234
-0.0107555
-0.0112825
-0.0118042
-0.0123199
-0.012829
-0.013331
-0.013825
-0.0143103
-0.0147862
-0.0152518
-0.0157063
-0.0161486
-0.016578
-0.0169933
-0.0173936
-0.017778
-0.0181453
-0.0184945
-0.0188247
-0.0191348
-0.0194239
-0.019691
-0.0199353
-0.0201559
-0.020352
-0.0205229
-0.020668
-0.0207867
-0.0208787
-0.0209434
-0.0209807
-0.0209903
-0.0209723
-0.0209267
-0.0208536
-0.0207533
-0.0206261
-0.0204725
-0.020293
-0.0200883
-0.0198591
-0.019606
-0.01933
-0.019032
-0.0187128
-0.0183735
-0.0180149
-0.0176382
-0.0172443
-0.0168342
-0.016409
-0.0159696
-0.0155169
-0.015052
-0.0145758
-0.014089
-0.0135925
-0.0130872
-0.0125737
-0.0120528
-0.011525
-0.010991
-0.0104513
-0.00990635
-0.00935659
-0.00880238
-0.00824406
-0.00768187
-0.00711603
-0.00654667
-0.0059739
-0.00539774
-0.00481814
-0.00423499
-0.00364805
-0.00305698
-0.00246122
-0.00185989
-0.00125155
-0.000633505
0
0
0
0
0
0
0
0
0
0
0
0
0
0
0
0
0
0
0
0
0
0
0
0
0
0
0
0
0
0
0
0
0
0
0
0
0
0
0
0
0
0
0
0
0
0
0
0
0
0
0
0
0
0
0
0
0
0
0
0
0
0
0
0
0
0
0
0
0
0
0
0
0
0
0
0
0
0
0
0
0
0
0
0
0
0
0
0
0
0
0
0
0
0
0
0
0
0
0
0
0
